# <maxN> <seed>

#ST: 0
#STNAME: example
#COPY: testo/bookpages.input0.txt
#COPY: testo/bookpages.input1.txt
#COPY: testo/bookpages.input2.txt

#ST: 30
#STNAME: N_le_8
8 10
8 11
8 12
8 13


#ST: 50
#STNAME: N_le_1000
1000 100
1000 101
1000 102
1000 103
1000 104
1000 105
1000 106
1000 107
1000 108
1000 109
1000 110
1000 111
1000 112


#ST: 20
#STNAME: full
1000000 1000
1000000 1001
1000000 1002
1000000 1003
1000000 1004
1000000 1005
1000000 1006
1000000 1007
1000000 1008
1000000 1009
1000000 1010
1000000 1011
1000000 1012
1000000 1013
1000000 1014
1000000 1015

