# <maxN> <minV> <maxV> <option> <seed>
# option 1: square
#ST: 0
#STNAME: example
#COPY: testo/pinball.input0.txt
#COPY: testo/pinball.input1.txt

#ST: 30
#STNAME: square
4 0 12 1 100
4 0 15 1 101
4 0 20 1 102
4 0 50 1 103
4 0 100 1 104
4 0 1000 1 105
4 -1000 1000 1 106
4 -1000 1000 1 107
4 -1000 1000 1 108
4 -1000000 1000000 1 109
4 -1000000 1000000 1 110
4 -1000000 1000000 1 111
4 -1000000 1000000 1 112
4 -1000000 1000000 1 113

#ST: 50
#STNAME: n_10
10 0 100 0 1000
10 0 100 0 1001
10 0 100 0 1002
10 0 10000 0 1003
10 0 10000 0 1004
10 -10000 10000 0 1005
10 -10000 10000 0 1006
10 -1000000 1000000 0 1007
10 -1000000 1000000 0 1008
10 -1000000 1000000 0 1009
10 -1000000 1000000 0 1010

#ST: 5
#STNAME: modular_skillissue
100 -10000 10000 0 10001
100 -10000 10000 0 10002
100 -10000 10000 0 10003
10000 -10000 10000 0 10004
10000 -10000 10000 0 10005
10000 -10000 10000 0 10006
1000000 -10000 10000 0 10007
1000000 -10000 10000 0 10008
1000000 -10000 10000 0 10009
1000000 -10000 10000 0 10010


#ST: 15
#STNAME: full
1000000 0 10000 0 100001
1000000 0 10000 0 100002
1000000 0 10000 0 100003
1000000 -1000000 1000000 0 100004
1000000 -1000000 1000000 0 100005
1000000 -1000000 1000000 0 100006
1000000 -1000000 1000000 0 100007
1000000 -1000000 1000000 0 100008
1000000 -1000000 1000000 0 100009
1000000 -1000000 1000000 0 100010
1000000 -1000000 1000000 0 100011
1000000 -1000000 1000000 0 100013
1000000 -1000000 1000000 0 100014
1000000 -1000000 1000000 0 100015