#ST: 0
#STNAME: esempi
#COPY: testo/route.input0.txt
#COPY: testo/route.input1.txt

# gen <maxN> <maxL> <maxV> <option> <seed>

#ST: 16
#STNAME: L_2
10 2 10 0 10
10 2 10 0 11
10 2 10 0 12
10 2 10 0 13
1000 2 10 0 14
1000 2 10 0 15
1000 2 10 0 16
1000000 2 10 0 17
1000000 2 10 0 18
1000000 2 10 0 19
1000000 2 1000 0 20
1000000 2 1000 0 21

#ST: 23
#STNAME: N_le_1000
10 5 10 0 100
10 5 10 0 101
10 5 10 0 102
1000 5 10 0 103
1000 5 10 0 104
1000 5 10 0 105
1000 2 2 0 106
1000 2 3 0 107
1000 2 5 0 108

#ST: 38
#STNAME: NL_le_1000000
1000 2 10 0 1000
500000 2 10 0 1001
500000 2 10 0 1002
500000 2 10 0 1003
500000 2 10 0 1004
500000 2 1000 0 1005
500000 2 1000 0 1006
200000 5 1000 0 1007
200000 5 1000 0 1008
200000 5 1000 0 1009
200000 5 1000 0 1010

#ST: 23
#STNAME: full
1000000 5 2 0 10000
1000000 2 2 0 10001
1000000 2 2 0 10002
1000000 1000 2 0 10003
1000000 100 2 0 10004
1000000 1000 2 0 10005
1000000 1000 2 0 10006
1000000 5 1000 0 10007
1000000 5 1000 0 10008
1000000 5 1000 0 10009
1000000 10 1000 0 10010
1000000 10 1000 0 10011
# anti bruteforce
1000000 100000 0 0 10012
1000000 100000 0 0 10013
1000000 1000000 0 0 10014
1000000 1000000 0 0 10015
1000000 1000000 0 0 10016
1000000 1000000 0 0 10017
1000000 100000 0 1 10018
1000000 100000 0 1 10019
1000000 100000 0 1 10020
1000000 100000 0 1 10021
1000000 100000 0 1 10022
1000000 100000 0 1 10023
1000000 100000 0 1 10024
1000000 100000 0 1 10025