#ST: 0
#STNAME: esempi
#COPY: testo/aureo.input0.txt
#COPY: testo/aureo.input1.txt
#COPY: testo/aureo.input2.txt

# <maxN> <minV> <maxV> <seed>


#ST: 15
#STNAME: N_100,V_i>=0
10 0 100 10
10 0 100 11
10 0 100 12
100 0 1000 13
100 0 1000 14
100 0 1000 15
100 0 100000 16
100 0 100000 17
100 0 100000 18
100 0 100000 19

#ST: 10
#STNAME: N_100
10 -100 100 100
10 -100 100 101
10 -100 100 102
100 -1000 1000 103
100 -1000 1000 104
100 -1000 1000 105
100 -100000 100000 106
100 -100000 100000 107
100 -100000 100000 108
100 -100000 100000 109

#ST: 40
#STNAME: V_i>=0
100 0 1000 1001
100 0 1000 1002
100 0 1000 1003
100000 0 100000 1004
100000 0 100000 1005
100000 0 100000 1006
100000 0 100000 1007
100000 0 100000 1008
100000 0 100000 1009
100000 0 100000 1010
100000 0 100000 1011
100000 0 100000 1012
100000 0 100000 1013
100000 0 100000 1014
100000 0 100000 1015
100000 0 100000 1016
100000 0 100000 1017


#ST: 35
#STNAME: full
#COPY: input/all_equal0.txt
#COPY: input/all_equal1.txt
100 -1000 1000 10001
100 -1000 1000 10002
100 -1000 1000 10003
100000 -100000 100000 10004
100000 -100000 100000 10005
100000 -100000 100000 10006
100000 -100000 100000 10007
100000 -100000 100000 10008
100000 -100000 100000 10009
100000 -100000 100000 10010
100000 -100000 100000 10011
100000 -100000 100000 10012
100000 -100000 100000 10013
100000 -100000 100000 10014
100000 -100000 100000 10015
100000 -100000 100000 10016