# <maxN> <option> <seed>

#ST: 0
#STNAME: example
#COPY: testo/squaremania.input0.txt
#COPY: testo/squaremania.input1.txt
#COPY: testo/squaremania.input2.txt

#ST: 50
#STNAME: N_le_1000
1 0 10
10 0 11
100 0 12
1000 0 13
1000 0 14
1000 1 15
1000 1 16
1000 1 17
1000 1 18
1000 1 19
1000 1 20
1000 1 21
1000 0 22
1000 0 23
1000 0 24

#ST: 50
#STNAME: full
1000000 0 100
1000000 0 101
1000000 0 102
1000000 0 103
1000000 1 104
1000000 1 105
1000000 1 106
1000000 1 107
1000000 1 108
1000000 1 109
1000000 1 110
1000000 1 111
1000000 1 112
1000000 1 113
1000000 0 114
1000000 0 115
1000000 0 116
