#ST: 0
#STNAME: esempi
#COPY: testo/recinto.input0.txt

# <maxN> <maxK> <maxV> <seed>

#ST: 10
#STNAME: N_30.K_30
10 10 10 10
10 10 10 11
20 20 10 12
20 20 10 13
30 30 10 14
30 30 1000 15
30 30 1000 16
30 30 1000 17
30 30 1000 18
30 30 1000000 19
30 30 1000000 20
30 30 1000000 21
30 30 1000000 22

#ST: 15
#STNAME: N_30
10 10 10 101
30 10 10 102
10 100 1000 103
30 100 1000 104
30 100 1000 105
10 1000 1000000 106
10 1000 1000000 107
10 1000 1000000 108
10 1000 1000000 109
30 1000 1000000 110
30 1000 1000000 111

#ST: 20
#STNAME: K_30
10 30 1000 1001
100 30 1000 1002
100 30 1000 1003
1000 30 1000 1004
1000 30 1000 1005
1000 30 1000000 1006
1000 30 1000000 1007
1000 30 1000000 1008
1000 30 1000000 1009
1000 30 1000000 1010

#ST: 55
#STNAME: full
10 10 1000 10001
100 100 1000 10002
1000 1000 1000 10003
1000 1000 1000000 10004
1000 1000 1000000 10005
1000 1000 1000000 10006
1000 1000 1000000 10007
1000 1000 1000000 10008
1000 1000 1000000 10009
1000 1000 1000000 10010
1000 1000 1000000 10011

