5719
8740 1963
8311 -9876
-6893 -648
-1754 -9303
878 -1543
7097 -7197
-828 6205
-7163 -4785
-6964 -4768
2698 -1247
4818 -5744
5078 -9166
702 527
5082 -3386
-489 -1292
-8526 4108
-9886 1089
-5070 -6053
-4528 6222
9288 -8648
8820 8155
-4774 3583
5477 -2436
5485 -1564
2649 -8699
-4989 7423
-137 6409
-5592 9786
9362 -1887
7635 -5857
-3972 7578
8902 917
-8659 8303
-5185 -2394
-3069 1932
8917 -6579
-8230 2513
-689 -8634
-2684 -8182
-1562 -7307
4242 -9309
-4474 2176
-4673 -5881
-5170 -5382
3551 7011
3248 -6466
-5209 1592
6290 3024
-7990 -831
-3789 8987
-1067 -1077
2406 -489
-1883 6511
5503 9714
-3707 2097
6672 -9155
2327 -5724
1865 -5633
-1050 -5968
8064 -2308
8885 1582
9508 -410
7753 -3045
-5243 8183
8095 34
-9729 -5747
-4 -2902
6853 -8666
-4772 -2259
4808 -1340
3013 -6244
8502 3209
-9084 5070
-2183 5752
8690 8010
5335 3998
2420 9105
-4150 -1288
-8772 -1573
-536 6629
-3353 -402
-1312 -9772
8274 9312
8720 5045
7311 -9414
3022 8873
-9772 -6473
2573 -3519
-44 2938
-3246 -85
3323 2556
-949 -2997
-2084 -9715
6647 2966
-8216 -8490
-8144 5486
7095 9614
5775 -797
882 -3932
4831 -7164
-6264 1640
-3875 -3107
-6900 -4805
2230 4047
6160 -5187
3412 -2932
8657 -4012
3720 -2088
-2298 359
5312 916
-6679 4234
-2293 -238
-8263 -6933
-1651 -6670
-7318 7617
6986 6130
-6598 -7131
-297 5784
-9822 7240
-3336 -5915
-5232 426
9852 -9526
6061 8189
-2158 -9269
-4935 -914
-7208 -3400
5095 -2468
-4475 -1873
-420 6174
-6506 7726
-4242 8715
-3921 7757
912 -7751
-273 6334
-4006 3808
5329 7288
6840 -5096
3980 7368
-1647 8917
-7100 3281
9776 5362
-9913 -4168
5226 -7871
3619 2280
-2050 -8843
9643 5088
4221 -2888
-4191 7632
-5576 -226
9151 -8942
5504 2449
3907 -4575
8859 -1498
1853 -663
-215 -736
-6974 7606
-3405 4080
-9214 9502
-4438 -4356
4516 6309
5478 -5305
-5 2040
-3885 6301
9658 4311
-8817 -2006
-2208 8112
1103 664
5097 -40
6130 4525
2019 5906
-5269 8392
-9504 2976
9249 -5861
6640 -8133
-9347 -2390
4533 5715
-7335 5029
3870 3104
-7548 -8987
3907 8313
3818 3198
2560 1886
8399 -3850
-3310 5196
2733 7027
9846 -9076
8722 -284
6190 -6431
-5039 -2059
3052 1095
3916 4260
2530 5414
5664 735
-4560 4754
-3443 -2082
2552 -5455
-6281 6651
3803 9653
9738 -6579
9985 5843
-7780 -2140
3370 7690
-7007 4116
-3897 -6211
941 8770
2940 -4356
6704 8361
-8203 -9381
2275 -1119
-586 -4225
-1604 6708
9541 3287
-4224 2947
-2284 1289
-8786 6585
7206 -8728
8757 -2274
-4191 -5884
-6409 -1309
4801 -4375
-2902 9707
-2342 9626
7260 -8469
-1636 6442
2329 -5700
2915 -5200
-4098 5643
-7189 -956
5637 -4563
4504 -2799
-5989 2784
9241 -7451
-6480 723
3857 -1283
-3840 3846
8167 3463
5435 4710
-7555 7091
4113 3520
-237 -6168
2311 5526
3289 1585
7159 8629
5067 -6300
4922 -5624
2562 -7138
-4927 5567
9686 -1228
-70 5997
-9577 4773
1098 786
3050 4961
-7686 -8627
-5457 1834
-5340 8572
-8672 -9064
-7940 -615
-8153 2129
9076 -966
3978 1630
-6469 -5209
-3704 -8239
-7895 3373
1367 6790
-5409 7465
2970 8935
8784 -9594
3532 -9891
-5935 -1686
9399 -1446
7075 5617
7233 -4408
3433 -7307
-3436 2234
-5076 -2076
9646 8666
4030 -7140
5028 -2854
-4935 8125
-9700 6473
-4247 -1063
8701 4650
-3659 -3983
7309 -1720
4038 -180
1678 5345
-2042 4108
-4981 1596
692 -1985
9534 -9810
3212 6196
2376 2493
2346 3378
-3616 -8586
-6345 4423
91 -9313
6972 -1924
7676 1741
-6495 4924
-2103 7122
6794 -903
-5755 822
2811 8916
-3778 7620
-2134 -9971
1087 6634
1875 2504
-5277 -9199
-508 655
8116 2327
-9737 7030
6159 -5455
5923 5139
-9391 -594
-4695 8045
8346 -3487
-8409 3969
2975 -6892
580 5588
-3719 -3516
400 -4981
8645 5619
-4359 7965
-7223 6405
-8788 3057
-1568 3693
3363 -6377
-8827 2580
3913 3715
-588 1739
2545 -7878
7740 3608
1233 -8619
-7202 2375
-4698 -8184
-2266 5966
9602 6436
-9545 -9936
5186 2852
-9561 3422
-3645 4734
-8379 1200
-9258 839
-7083 2997
-2141 3071
6949 3485
5312 -4278
-7800 8749
2923 318
-6486 -8541
8010 8128
-6552 8667
-3686 2284
4771 -7990
1318 -5217
-4102 7498
-3989 7424
-5119 -1866
4894 -2407
-4645 -5726
-2974 2840
7327 770
4081 -4299
2786 -3482
-2932 1034
-5145 4725
-5777 -2142
4808 9652
1176 5857
2934 3846
-1719 4090
-430 952
-3906 -9298
1579 2605
6120 6502
4412 7771
4013 -5638
9159 -694
866 -1160
2766 -4630
-7134 9207
-2430 -9631
6633 7342
1107 1387
6307 -9473
7287 527
3509 -5972
6868 864
6096 9421
7011 2412
-4929 6400
-5112 6375
-4097 -7446
-5577 -3826
1874 4961
9787 -4900
6786 7018
-7549 -1062
-2491 2436
-2221 8639
-7813 -795
-9589 6791
-7751 9752
-5927 247
-1671 9329
-8888 -4773
6481 7934
8638 -6898
7678 6472
2551 -4070
-9603 7394
8434 -7280
4694 6786
-6190 1005
-2228 1023
-2280 6883
-4686 8146
-8285 952
871 -4309
9665 -4030
3667 -6107
-1289 -9135
-9673 -1927
6992 -4867
3875 8389
-7374 7632
-4137 1803
-697 2452
-9818 3312
6113 -4258
-7949 -927
3711 7403
4883 -2512
2591 1724
250 5536
-7196 9345
-9866 6953
2717 -2032
6279 -3477
-7540 -7589
-2509 -8947
-2202 -4412
8731 -6740
-5069 -7845
-7325 7170
-6061 -1567
-3118 1567
-2448 9708
8115 -220
-3232 -6520
-2585 8545
5515 9301
4598 -8251
-1045 4588
-5710 -325
-9602 -1294
-9984 -6626
4899 318
1756 -5866
-3812 1765
-5265 -7696
-1134 -284
-9270 3184
983 7656
-2783 -5015
-3563 8279
-2563 -6029
-2144 1871
-3453 3720
-2179 3479
-1819 7315
-3876 -4624
-5093 1650
7594 517
-7031 5676
-988 -2915
7280 7835
2425 2072
-6644 3725
-6117 9761
8710 6108
3597 -7341
-3278 -7726
6937 -4586
-6064 -3050
-1294 8231
-4821 -7252
-3739 6052
3845 -5594
-8990 6624
1316 -2948
2496 1131
4080 -3691
9176 3987
-1389 -1644
143 2168
-7574 6937
-3364 2174
-4860 -4770
-447 -2846
4900 -4218
7418 7359
1672 -2305
6744 9653
5380 -6815
-2540 5072
410 -131
720 264
3060 -6767
8042 -9128
4866 -765
-3139 5613
3326 6810
3047 -4950
-814 -855
-6393 8481
-7509 -4373
6612 -4061
3248 -2197
4119 1670
9646 6872
3948 -4959
-329 -7718
8992 108
-9657 -1288
-6881 4981
6483 -1240
2318 8923
-7176 -2743
1177 -2775
6553 7280
1919 8633
924 5084
-4422 8214
-3255 9430
8171 4253
7595 -9069
3442 6972
-2092 6028
-697 7624
1487 -9805
9688 -3498
7658 -9029
-8672 2550
-5235 -4189
-7876 -8395
-5162 3242
4991 -5542
2588 7037
-1713 6427
-4331 6414
8010 -8253
7713 -2715
43 -2578
-5344 1737
5289 2433
6267 -4739
1117 3547
-8926 9798
-9587 7437
2344 -289
6319 8645
9659 -2395
-9121 -9349
6203 -8614
9810 -4587
-2217 4518
-964 -1286
8484 1646
6343 -8516
1557 -6720
-6318 -1495
-8325 -7004
-1078 -4361
-9213 5238
-822 8943
1043 4315
551 -2691
9149 663
149 -501
-6748 377
364 -4329
-823 6352
1146 -5413
-9556 2280
3531 5212
-9702 -9026
2224 873
7987 -244
8041 -5820
-3753 -2951
-5366 -3289
8488 723
481 2144
-7076 -6490
7663 9616
-5467 -8520
-6924 2351
-4035 7432
1532 -7862
-2273 -8131
-9035 3610
8097 4622
-6188 4749
2720 -9029
-2437 -7315
-5861 76
9546 123
1936 213
-5495 -814
-9743 -3515
5465 -5999
2497 -5468
4379 2856
-7838 1094
-4489 -6004
6119 -9924
-1971 -4209
5972 8508
-5864 5218
-6628 56
6679 -9648
6044 -3752
-4024 836
9678 2846
-4163 -5789
-5700 -101
-5324 -3239
9970 -1541
7745 6762
3036 6751
5348 2581
9375 7327
3651 4663
3586 -514
-9384 -7632
-8407 -6600
1420 3658
-6799 -9755
-5414 6532
-6756 3438
-6716 -6468
-4512 5324
-106 -4005
7575 -7864
2397 -9216
-5060 -8736
7254 -2505
5178 8959
3096 6709
2803 6732
7310 7058
3531 -1946
3566 -7923
5894 -7006
-5980 4116
3082 -557
7404 9083
3862 -8258
2361 3808
-2871 3540
5418 -4826
5704 -411
4696 3335
1248 6841
7131 3817
5515 8683
9541 -8543
9091 4294
-4909 -6577
-2575 1308
-7904 68
-1547 8315
504 -9447
-2784 9850
8182 4720
5119 -7266
9906 1388
5755 2895
4736 -2945
8004 -928
5368 -415
917 -2572
-2488 9884
5621 5199
-2590 7154
-948 3131
2172 4921
-6667 -7567
-1453 -9100
-1062 8715
1834 9605
-5863 -8186
3451 -6263
-919 -9182
-6133 4290
2990 8693
-1917 8910
2910 -1688
-218 5869
1030 -4402
460 -5297
4686 -9286
-3757 -4070
9433 -8558
958 9204
-2690 -3175
7884 7916
-4501 -2075
-759 4042
3339 2459
-9 7654
-1319 9107
-6278 -1938
-5182 1228
3880 8704
3941 6609
-6521 -629
2036 -587
-3084 -504
6846 9029
-1416 9608
8564 4386
7892 -3983
-5647 9181
-8014 -3304
6608 -2335
7785 -9005
-3412 4488
-4798 -9917
9132 9309
7707 2163
-7281 20
3521 -1068
-8742 -9260
-4134 2677
7860 7775
-7658 1311
4109 -3835
6657 7937
-7104 5166
990 -7631
-7153 -8377
-9441 -4601
6010 -6522
4598 -5880
-7922 -5404
4634 -1320
-4418 -7038
8204 5271
-6620 -367
-1222 9856
3527 8545
5185 -377
-3905 8830
60 -1826
5601 -4840
-7648 8601
2361 7647
-9310 -3328
-3372 -2212
3398 -3548
3877 8447
-1712 3981
9306 9299
6375 -4373
2127 5210
-9386 -334
-762 7850
8673 7839
-8717 -3726
1898 6934
-2535 2291
-7368 3552
2447 -7853
5879 5893
-3525 -5498
-9912 -8379
-8024 -3580
5585 4179
-5855 4229
4329 1375
816 4343
-3196 -7401
7116 -2081
3017 272
-6176 -7983
-9435 5167
2325 5060
-4965 4228
-6375 -6755
9572 8277
8388 -5382
216 4913
-4509 -2273
957 1179
-2892 2295
4402 -3677
1023 -3100
-8405 -2170
2855 -4306
9034 2699
-9420 5139
-7239 -2117
6008 -9351
62 -5032
-4279 451
7411 -7083
1174 2521
5848 173
8745 -825
-6668 6015
1026 3323
-8078 3714
4274 -4375
3125 -7568
1943 697
7569 3902
6345 5027
6469 7004
-6562 -2715
-2112 -5887
5569 13
-6224 5129
-637 9807
133 5869
1304 -989
-2332 5181
-9457 9736
-5924 -238
-3367 4140
-6653 -8464
16 2857
-8212 -952
4026 8041
321 -8506
-7391 -3655
6555 -6883
-3399 -3076
8205 2400
-6306 6235
-8297 8603
-6233 -2627
92 2894
893 1083
-8309 4624
5839 -1959
-2968 4882
3592 -9554
1398 3764
-3607 3517
6893 8010
4799 5838
7297 -595
7732 9878
-497 -5655
1885 -7103
-3673 -2007
9704 -733
3787 -4298
-3948 -1906
-2601 -4752
615 -7827
-7993 -1588
5911 -4053
-433 890
-5673 -7028
-9400 6930
-2167 -8147
289 -9999
1849 2634
-1962 -8652
446 6505
2921 -5721
9379 -3737
-5789 8699
-8472 -8401
6672 -2870
5219 8369
-6693 -8108
-9199 2992
-5630 -248
8257 -5867
-5014 6037
-9893 -3453
9717 -9915
-7755 -6235
3571 -1147
4250 463
-63 7759
6955 -9453
-4168 -2402
2983 3108
959 3548
-9947 -6672
-9771 -1352
-7796 1740
-3070 -2561
-6804 4796
4946 -820
-2346 -5595
-209 5928
-7866 -3558
-5849 5592
-7401 -5843
5321 9135
-2696 3317
5748 -4213
9571 -2101
5449 1650
-729 485
-4484 -9257
-2547 -3890
8504 -5510
-8557 7746
-1422 -1933
6591 8695
1745 -3753
4620 -210
4945 4821
8603 -5954
2058 -2326
7984 3554
8472 -5914
-2510 7117
277 -9978
1612 -9702
4753 9191
-703 797
9785 2342
-4017 6529
9110 -5449
1072 -7549
4184 -231
-2116 -8326
5964 -2377
-5984 -2627
7719 8275
1429 2905
-9347 -690
4811 8999
5704 9655
-6941 -9712
-3916 -1984
-1227 -3291
839 -8459
-3920 -7576
-655 1732
-611 -7494
-6484 -5809
-1621 8512
-1900 7386
6329 -195
2273 -2365
1055 127
8037 -6930
-7867 1640
-6557 5000
-3102 7741
6744 -3484
-6759 703
7032 2238
-6293 -3845
-9312 -8025
-1361 -1151
-9542 9493
-5011 3921
-7726 7464
9167 -3587
-4526 4382
3028 -1857
6565 506
-1124 -2927
-1806 8235
-4455 4708
4426 8221
9664 4275
7507 -6013
7140 9052
1095 -5033
8729 -5523
6730 -6531
2146 4183
5197 -3487
1084 461
5774 2827
-3498 1802
4982 -766
8624 306
-7293 4098
-5233 -5549
-4748 -2027
3652 325
-5133 865
9163 8560
5224 -5523
5273 7620
-6408 6125
-5347 7829
6323 -5107
7295 -4199
947 -9059
7405 1736
-6831 2884
-3809 -307
-3091 2361
-3056 272
5521 2679
-6841 7453
1404 6197
-9769 -1692
3581 -7954
1163 8334
8847 -6497
5220 4804
6278 776
-1800 -6698
5020 -3946
8702 -6061
518 -4462
-5255 1218
6854 -8259
5529 -8894
-2602 5662
9338 4702
-9755 6802
3498 -2852
-1974 -7213
8642 3748
-8476 2103
-9184 6854
-7491 8137
-1619 771
362 -3662
-2426 8375
-6858 -8059
1431 -4159
3969 6137
-343 3888
3606 -3242
-9929 8877
7831 -6755
-9617 7568
-2819 8495
-428 2742
-9216 7855
8288 3714
-1190 9988
1084 9039
8672 7158
-3326 -5580
-7566 -4183
-7664 7662
-3014 9146
9838 8604
9880 9834
-4523 3237
8632 -832
-6522 4698
9438 -6242
-3312 -5259
4074 -4258
-8587 -3678
8850 6328
1317 -4449
2341 -2911
3927 4259
4394 -7065
1045 -7413
1966 -5787
-6611 -6413
7738 -1956
-2894 -2657
-2341 9936
-9712 -7773
1629 7505
-2210 -7104
6477 -6410
-4947 -9178
-4761 9111
9618 -8096
-6948 -2340
6455 9991
2670 3245
-2717 9173
8649 -336
7635 -6085
-2716 2129
-42 -2712
882 -1796
5576 -3340
-4825 2142
-8482 -2638
-4856 7512
4327 4960
-8847 -1027
7737 -8920
-4504 9040
-3666 29
-9041 7267
-4860 8250
-7788 -5714
-4718 8450
5584 -6707
1530 -158
-4213 2852
-4472 4498
442 -5469
6962 -909
8171 3390
1807 7839
5011 -6474
6141 -4592
616 8004
6281 -3382
9473 -8890
756 3721
7631 9062
-1509 -5405
-4357 -4433
1785 7179
9360 1330
-1026 -8476
233 -8394
5865 -7165
2545 -8890
3043 9439
-5388 -6830
-6179 -8440
5482 7183
1448 977
8788 4271
-1694 -4957
-6852 9515
1950 7610
3862 3126
-5789 5922
8197 4382
7532 2476
-1640 -5072
-4279 8852
9094 9379
4705 9442
-8220 7199
-7029 4849
8249 4835
-4577 -1880
-9511 3536
2073 8719
-7326 6947
6992 8863
-831 -4232
3050 4537
-2847 -2821
197 4295
3590 470
7389 -4692
-9231 6789
-9252 7262
-1502 7680
-1265 132
2906 -4
-1317 5652
-265 -799
-1511 -3122
9245 6157
3262 -6705
6318 -2410
3984 3443
-9993 -6340
-4252 9058
6010 -3092
1154 7
-6330 -4363
-7479 -9278
-238 3805
6298 3171
1541 -7679
1856 -8962
1933 5572
148 316
-3866 6408
-360 4957
4292 2591
4967 -1117
-4725 -2242
4523 5493
-2019 -745
8938 -290
7626 1132
1230 90
-1203 7708
4385 6887
8611 -8015
6928 8642
-5252 3229
-8436 -6340
-6809 6426
2373 -2010
-6591 4401
-6669 1926
3209 -8713
-5667 -8094
-9415 -1744
4217 7382
8754 -9751
4691 6897
7334 1339
9924 2769
7020 -4038
-5347 -7403
3597 1513
7512 -9264
4081 837
-859 5805
-5227 20
4350 -5310
6768 -2945
-9890 4292
1659 6309
8949 634
-4508 -693
-4090 3489
-1293 2671
376 9939
8488 -6456
1483 7017
5737 6027
1834 9360
-4949 3875
1239 -2502
9554 -2690
-6064 -5164
6590 -2645
-8268 -2666
7915 2974
6614 -5850
3713 -4005
-7304 747
-6966 7025
2540 7183
9065 -9374
2775 8196
-724 -8667
7051 14
7119 8514
5060 3346
8216 -635
8775 1222
-1425 6142
3036 -3172
4649 -944
-5133 2113
5382 144
8265 -1223
7724 -2461
4816 -2954
4809 3919
-7076 4767
-3953 -7840
-9027 3644
5908 7437
-2251 -6280
-2264 -5644
8255 1643
8210 -945
8365 -865
-7849 8941
-7948 5163
-5593 6422
2139 -509
436 5216
-934 6332
191 2701
-7128 -9279
6167 -6910
-893 4471
2398 -9486
-8444 -604
-8135 -7236
-765 -4283
4170 611
5274 -686
-2848 921
6940 1336
6385 -9452
9979 -6848
-6277 9678
-9400 3511
-6500 8808
-8559 -3373
-1309 -7045
-5965 -6522
-4015 -7571
-5607 -2860
-9290 -3397
-9355 8119
-6483 3029
3579 -3261
4821 8382
-565 2945
-3081 432
-9076 2528
-9368 4989
4998 -202
5308 -544
9191 -9766
-790 5650
-5636 -4278
1381 -6207
-7503 -1720
-220 8111
-8826 -430
9773 -5092
-6015 9544
7026 -2259
5944 7679
5580 3722
9686 -9441
770 -3667
7690 -832
1597 -7567
3012 -1842
3565 -4654
3778 6299
8369 2618
-9542 9039
4614 -7523
-7314 9299
4068 -1165
7401 8710
4305 1954
-9747 3797
-6590 7592
6204 5688
3076 -5518
6134 7021
4293 -2704
5803 8920
-5368 -7298
-3836 -1750
-1045 9202
-860 4913
9546 5440
-5458 -7311
-20 3664
-3245 -7931
-3368 -4579
5633 7533
8095 -4965
9844 -2803
-1062 -6363
-1394 7234
-4242 4473
-6300 -7380
7191 -2002
-9436 3094
2450 -2977
1503 7802
-3924 6745
6174 5815
4584 -5837
2680 4482
-2557 -6384
7289 2401
9798 433
-2357 3071
5570 -8758
-2506 9548
1770 -5574
-3324 -8623
3889 -3854
-5622 -6377
5566 -1334
7474 -898
-9902 -6453
-5478 8908
-5004 -1310
6026 204
149 -1248
-521 -7534
-3823 4997
3997 7041
7441 2487
-3648 3669
6484 8922
-6535 -3665
8882 -15
6128 -3249
-4454 -3426
10 -6995
-6035 -7696
5924 8052
9687 2383
7471 -9018
5889 5110
-8928 -8213
-7856 2271
3758 -5763
-2385 4951
-8357 -5782
-5528 4539
-6839 -818
8669 -8896
9561 4038
-7304 2369
5965 8986
-3921 8381
1700 -8560
-7852 -7303
2321 -5070
-2767 -7426
-2502 -9293
1438 611
6946 927
9731 -2441
-2880 -1650
-779 -2695
2976 9232
-5329 3501
6416 4670
4177 4077
-6095 -7179
3479 -469
-7519 1835
3741 -8287
-1808 -407
6876 222
8859 9224
-1793 -4356
-3422 -5508
1729 -8887
-4541 -5398
8551 3230
9640 99
6153 7420
9957 6270
-1325 -7547
432 -9581
-1633 4178
-5974 6842
-2589 2899
3260 -9500
-35 7828
-3994 -1041
-2864 8429
-769 6341
-1562 8663
-6466 421
281 -2037
4305 1310
-1151 -1136
3642 646
6183 714
1526 -8993
-9800 7228
9831 -161
-3253 -5573
-6948 5217
134 1559
6948 -8457
2982 3787
3777 -8570
-9776 3092
2305 54
3491 1377
7838 -4869
4076 -6556
9684 8060
-3800 8681
7044 -5120
-778 4085
650 -1709
9026 5901
-3633 -1368
4850 -627
-1812 -4343
7532 5330
2008 -5678
-4214 1514
9463 6407
-7261 7961
9599 -7621
-1814 -4591
-1215 -4567
9281 18
1541 -7534
-1625 1834
-978 9606
463 8759
6149 4976
4892 4027
2008 561
-1643 2634
-3427 -3724
-7857 2192
-6388 -2676
-9948 -9133
-5588 -1192
541 -9666
8577 -7015
5934 -7693
4221 -9684
6757 2248
2364 4911
-2888 6553
2446 -2193
-1278 4304
-1852 4415
-8619 -5489
2680 1534
-3528 -5628
925 3686
-8077 -257
-2584 -3422
250 -6498
5622 -9240
-9277 9823
-7697 5366
3612 -9856
9695 2137
5795 -8049
5025 4913
5809 -5706
-4346 -5354
7052 -7369
-1185 -5998
5336 3414
-6203 6512
-7360 4608
-752 3771
445 -2668
-3229 -8315
5211 -887
1922 -4603
8263 -9822
-6964 162
4482 -1946
9473 -8916
-2170 298
-3318 490
-2221 -6830
-275 -4703
-7375 9043
-6536 6585
3276 -573
-9728 5607
9734 -7006
2555 -9527
-4347 -4497
-5988 -4264
730 5131
4326 -5635
6307 -5950
-6839 9513
3958 -2060
-4479 -751
688 6485
595 -9655
4861 3410
-8534 234
-9406 6895
-2685 8481
9054 -4604
-2517 -9165
70 -2183
-8769 5044
2600 -8250
-2075 1319
-3608 5695
-1592 -6024
-7824 9128
-8647 7197
2591 -1617
9012 -4518
-8917 -1725
9342 -4547
1446 -3515
7604 1350
8246 -3269
-1887 -438
171 4159
-3547 9458
7934 7024
1904 -5814
-5179 -6657
-4418 -9010
-9538 -6236
7270 7231
5592 -3075
9659 -1906
2028 9289
-2152 -5283
238 -7143
6694 -3094
-3937 -2658
-7539 6584
5804 2772
7959 1349
-307 4175
8446 -4517
-7985 3507
-1498 -1988
-197 -25
-1525 4070
2887 131
-6662 -6299
-2678 4978
-7479 185
8437 8359
302 389
-5274 7438
9725 4141
8785 8691
-5432 3391
1518 29
2554 -7147
7634 6681
-6762 8673
8782 1164
3550 9187
-9250 -6677
9029 -2094
7245 8015
1890 864
2403 -7603
2495 -714
-1820 5147
4145 5654
-2437 5928
6700 1830
8448 1869
-7428 3590
1263 -1240
9118 -9620
7913 3604
5537 7026
2952 -6797
8485 9786
1156 120
-1962 6222
-8892 8658
6816 -6053
4655 5546
-2689 -2733
8255 -3599
-1202 -4506
6380 -2501
3282 -3859
-8118 4700
-3504 -5419
12 7193
8796 1762
7776 -7632
-9850 -2794
9206 2738
1958 7024
9684 -666
8958 -999
5238 8076
-5010 7520
-2973 -6889
5186 -9607
-7039 7971
296 -9259
-3424 -8299
742 -8668
-485 -1475
2904 -9233
4895 -5861
4859 -2486
-1234 5097
786 7653
-8882 7308
-351 7615
3466 7230
5989 7463
6913 -7091
-9399 -610
-956 -2776
3349 -8109
-3955 5482
-6370 4726
2578 -5407
-3213 9108
6157 3369
6596 2305
2178 3183
-7696 -5880
-9901 -4571
-703 4242
1698 -3077
-6581 3406
-3406 1211
-4799 2210
4241 -5432
7023 -4798
5813 -8173
8956 -6116
5097 -3454
-7303 -1236
-5628 2697
-1729 9588
8632 746
-8226 -1239
-8643 4463
-935 -8635
4174 6116
9415 -9097
114 -2192
7133 5524
-8678 -353
3658 -5933
9435 -3299
8472 -5623
9449 -4262
-8985 1729
2413 7387
6229 -8955
6925 -8620
-3427 -6713
-6675 -4593
-637 -6465
3359 -75
-7661 -7375
9588 -551
-4006 -6975
-3103 -5277
-3701 7164
-499 1854
-969 6054
585 4641
-9764 1549
6601 8198
-8411 7688
9408 -3313
-1485 -1746
-578 -1430
-2000 1860
-4707 -4489
-5543 8086
-732 -6121
-5074 1595
7643 4165
-4918 -503
-4542 7106
-9502 4591
-6372 -9399
7350 8289
8336 9656
-379 -2448
-6221 -3012
4033 1417
-6765 7474
-6203 -3755
5790 5369
1394 6956
9823 -3178
4726 -3449
-4128 -299
-5236 2642
-8235 2456
442 -5376
1967 3619
7474 -6003
-8105 -3018
-7257 -1443
4750 9757
5847 -6986
-7953 -6660
2996 9086
4066 1785
-2255 -4363
-6266 5968
-9866 -7674
3590 1073
8399 -6184
997 4637
184 2891
4877 -8455
-9591 -4971
5762 6018
4023 -4740
-8017 -1505
-926 1154
-8078 4811
-5684 -749
-5655 -5322
-788 -8370
-6762 6388
4085 2371
-39 8253
6254 -6688
-2326 -7985
-7659 2988
-4181 -4165
-9096 8332
-4583 -8782
8885 -8782
3342 -565
5849 9216
-3283 -6613
2314 -8884
-67 8910
-7275 -8881
-3397 5016
9403 96
5315 -6487
-9204 -8019
-924 -7159
3062 4795
-9926 -5238
5804 -753
-3645 -8420
7528 2356
9281 -3351
-6624 77
2102 1556
-6522 -6325
7417 -7051
636 -939
7000 5598
-9583 2702
2950 -1635
7579 783
-7690 3367
8897 2986
-1529 5356
2738 -5474
6873 -9753
-2953 1927
-377 1574
-4292 -8116
-1084 8885
6007 -2569
-6562 4710
9297 -1359
-6614 8874
-1984 4821
-9449 -9080
5389 1651
4938 7391
-9439 7363
5215 5570
-3195 -4543
1351 -7314
7947 859
-5250 -1623
-6471 -580
-6874 -3598
8243 9545
4762 5853
-4378 982
-985 -2004
4041 -9037
3548 495
151 3116
-9716 6710
-8436 -7851
1418 -6017
-3759 -6463
3296 1115
-9226 4778
4771 -8805
-7596 -9761
7607 2233
-8823 -1437
7698 -348
7553 7619
2614 7566
-8769 8908
2289 4678
-9765 -6102
-6673 8254
-4129 4798
1740 -2531
8183 3490
-4983 -4820
8778 -5525
3061 5806
555 5751
-5814 2074
-2433 3032
2329 -177
5661 -5291
-2328 236
-4060 738
-761 3859
-9534 -7583
-4157 -7407
-1033 -7525
-4704 6190
1257 7271
4960 -9993
-4513 7069
-3595 -5848
-5183 6180
-2974 -4919
3962 -1557
3221 -7935
2037 -2494
9206 1808
1634 2678
3640 -6925
-7594 8244
-3215 7802
1271 -356
905 -3878
127 -780
-2760 7955
-2926 -7856
7343 2844
1932 8497
634 -3480
-2708 7516
-8085 -7991
-8117 3244
-9283 -4113
-1718 8367
-5744 -5834
416 2373
-8689 6985
2808 -7016
6849 -5758
2988 9329
3940 -953
-688 3567
6163 6601
6736 -5005
941 -6583
-1776 2808
510 -1720
7659 2112
-954 -7429
-3585 -2843
-3480 7050
9490 -768
-7402 -2371
-3496 6551
-7012 8615
9351 6640
-4698 -2492
9661 -2401
-6955 7131
4118 -2730
-805 7391
-2914 3691
1055 -472
3479 -5298
6627 -9890
3246 -7397
1695 5460
-2209 4903
-8099 304
-9647 -5325
6710 2821
3886 -7246
-5398 7331
6437 4686
-8448 7791
-30 5593
4965 3635
382 12
-4830 -9570
6717 -9406
7465 702
-3217 -4252
-6180 -4161
-7033 755
-5398 -8140
-9679 664
-1119 -9053
-1700 -2421
-4146 -2163
-8266 -6272
-6462 6141
2836 2596
-9606 8955
-2072 -7615
-8044 -1621
-804 7355
5717 4065
-6467 9117
6278 -9439
7627 9261
-6059 6084
-9277 -9368
-6080 2988
-974 -2881
-4614 -7687
-6996 9673
-4041 -3146
7486 261
-7978 -8234
8900 7643
3373 -8545
2579 671
2929 -6560
1787 -4440
2104 -4491
-4647 7697
8684 1214
-4320 4505
2385 -3759
-9946 8509
-2706 -9882
3273 7461
2653 -1625
-6911 -6597
2429 8066
4791 -3156
9540 -2916
-3610 -2177
-2201 -6928
8278 -9923
-4716 -2328
-3644 570
443 4978
6890 -9614
6398 -8026
-614 -9293
2085 1560
-4819 -65
-5597 -9920
9646 2935
6771 -2248
-6505 7702
2124 -5769
1201 -8378
3464 -2748
241 5775
-3020 4883
-7973 -7853
5277 9899
9423 -107
5719 5859
3437 -2153
1561 -768
8947 6000
-8174 -3406
-7973 -2111
5493 -5277
-3334 -7344
2233 -4715
1901 5884
1485 6489
442 -2955
824 -716
7634 6310
-6180 7883
1691 4697
-8646 -2922
-3403 2310
1703 9500
9198 6410
-7236 -8622
-9499 -8647
-9858 -918
8656 -5090
6294 -9532
-1495 -5622
1995 4791
-8658 -6421
-3809 -451
-6024 1447
-4309 -6330
-2784 5012
-142 -5565
-7109 -6212
3264 -4911
-1867 -6297
1381 -6738
-2925 9014
8623 -2872
9499 2705
5051 -7745
2848 6050
-7038 -513
1515 -8253
1198 4477
6091 266
-5652 -4910
-5786 -3063
4956 -7487
6843 6734
-8556 2394
-4805 -9863
-4496 5203
-103 -3054
8455 8086
7017 2438
2019 274
961 5802
-7272 -8693
8666 -6292
7951 -8616
6702 -3769
-3246 -2586
-3116 -2620
1010 -3161
3787 8616
-6676 -6770
-6130 3396
1803 -8805
5742 -7395
-7777 -5290
1205 9518
4452 4961
640 -9168
714 9899
-2602 3080
-4039 -2706
-6007 -5212
9195 5357
-6745 6667
-8597 7544
-8839 -7215
-1644 -901
-7932 5120
-7749 7952
4250 -4848
-9881 -2003
-9701 -2924
-5208 -7475
-8589 9599
1858 -7502
1592 857
-1624 9771
-5048 7402
8889 -1334
2889 963
-1779 3618
-3637 4232
-6055 -7572
-9861 -1512
-9780 7929
4517 -8869
-1734 3553
2204 6078
5005 9396
-7271 1720
-1207 9030
6083 5559
4395 -7061
5920 -4860
8477 -1000
-4922 9491
1929 -4160
-4241 119
-5599 -925
4570 5379
3887 -4369
-1718 3837
-1525 -3267
-9071 -971
-1029 -2041
772 1086
7849 6462
5971 -5249
8734 -754
6569 5323
-9300 -3690
-2251 98
-9645 -729
-3605 -825
-2464 -2393
-8075 -2410
-1120 -7228
-2648 -9309
1086 6379
-8720 -3078
576 2948
8733 4638
-1861 -3437
-9623 3180
1892 8944
6285 5449
-4893 7701
-2630 -3933
7310 8879
7855 -5779
1652 -432
7615 -6534
-5605 1112
3382 1583
6923 -4630
-4699 4445
-4648 -201
-2653 -8681
-9645 -9106
8102 -8433
8289 1211
-1834 -6447
-3192 7636
-8278 9573
-3083 -47
5148 9592
4385 -5617
2817 -7058
7278 8590
3933 -8266
-5208 -787
-1881 -1538
-784 -9980
5827 -6633
4641 596
8320 9573
-9983 4892
-8524 1512
-1613 3807
2871 -800
6906 8823
-3082 -2489
5333 5479
2127 -6651
-224 4175
4177 -2624
4407 -6817
1157 -602
4761 5872
-1629 -5884
-7967 9020
6013 -6559
-7143 -3574
1559 -2728
7151 6977
-1655 7002
-3105 5715
9369 8568
-648 7865
9033 -8299
-933 -3557
8856 9415
7268 -10000
4909 -4413
9237 4438
-9004 3221
-5514 -7109
-2261 3664
7318 8188
-552 -3292
-4865 -1960
5627 8283
6868 5243
1733 -6047
-656 -5275
8434 -6227
329 123
1874 -1000
2927 -5285
-2626 -6673
3765 -9846
5282 8168
-2135 6889
7263 662
-1542 -2309
-4509 -5612
2905 -3420
9161 -3333
6099 -3522
-2664 7734
-8469 7776
-4014 -54
-3684 -832
5968 -5814
-147 -4696
-5196 -402
3089 -950
6648 7990
610 4941
1247 6430
-9621 3389
6902 6887
7925 6586
-5582 -1490
8010 -7186
6522 2951
8599 561
3501 -4147
4858 -7183
4925 2328
2197 8990
8721 8451
-7812 -6653
6877 -9707
-331 4180
-1646 -7464
1702 -6815
7605 9559
4745 7705
7454 -496
-4043 3531
1173 1104
-5940 -2210
3098 -6874
-1507 3859
-3767 -5313
270 3947
-302 5097
3418 6637
6252 8706
-6782 4723
4710 167
-9339 8216
-837 -626
8095 -966
8636 -4058
-3002 -8500
2467 -106
-4584 -3354
644 3714
-7160 3747
-3685 -1926
-6215 -3360
-9342 -1706
-837 7923
8754 -6461
-6688 2814
3197 -2977
-9874 -1482
-6857 2811
7293 1775
-8164 3964
4059 8151
-5374 -1622
-884 -4944
7363 -4094
-9304 7450
2337 -724
152 -4233
898 1678
-2317 -6385
-7786 -8544
-3855 7077
8668 9711
-7327 7638
7304 2070
3430 -9324
-2028 4527
4128 -1904
-172 -4169
-1551 -1552
-6224 8111
-129 -9790
2558 8577
-7075 -6355
9612 2939
-589 -4957
-6155 -502
-1007 4653
2669 -6730
445 -4959
4721 6710
-7937 7687
-7265 -978
1354 9645
127 5809
7567 3003
-9435 4732
7651 1715
7166 2200
3442 6164
-2053 -6088
-9337 5212
-2892 -5576
-8353 -6851
192 -7050
-79 -3123
-6372 3196
-1338 6304
9320 1406
163 -3575
4358 -2224
-2097 -7
-8671 -8159
5017 6943
-4799 -2933
-3197 8207
2825 9530
-6804 6977
-8343 -9341
-4722 -3556
674 -190
4970 3435
-2734 -1611
-8981 2131
4129 -1788
-1776 7076
7077 898
5775 3256
7093 1213
-1610 -4560
-1529 2079
926 3528
4117 8360
-6778 -8311
5161 7649
7707 2281
-1384 -3490
-5569 1202
-2762 -6688
5497 -6832
1026 2984
-439 -2772
-8335 -4548
7888 9771
-814 -7879
-1277 -1827
151 -1223
-5965 -8065
-3640 3814
8052 -9394
-7949 6098
391 -733
-6185 -1237
-5556 4769
-5904 8792
-3159 -3431
-9116 8125
-5498 4494
6932 -9875
-8351 9209
6207 -1555
4957 -6847
8251 5507
-2400 7784
6583 4817
7862 -9061
8927 1797
2867 -5670
-2141 -7133
-8039 8822
-4145 3509
4826 -2817
734 1075
-2816 1369
6217 -4286
-3681 9489
5450 -3727
6370 6882
-9577 9344
-8964 -7289
1649 8165
-1096 -6625
4582 4529
6278 3060
-4093 6132
7580 -3937
1138 -5619
-2880 -9957
-2999 451
-9726 5861
4731 -5176
-8793 -3656
8997 696
-6342 1696
7090 8933
-1796 5559
5260 6663
9278 -2882
-6721 5990
-5357 2288
1346 4729
9517 -9986
9753 0
-1332 1354
-7878 4583
-4940 3225
201 -3409
177 -7053
6965 7185
-8094 6160
-8135 -5255
6916 8684
-6044 8814
938 -3461
1742 -65
-5258 -2107
4637 -3195
-1483 -599
5004 -9962
-4114 -5819
-2965 3772
-4193 1140
-649 820
-7675 7490
-8419 -8939
-3008 2347
4086 -2940
-9288 6346
1586 4211
-5641 3010
-4021 -3883
3800 -2538
6495 2379
4179 -4543
3282 2535
2301 -6898
5455 -5398
-9835 1149
-2690 4822
-9252 -4647
-1639 1329
-9543 7842
8195 820
4806 -3926
-7103 9322
-2772 530
6560 4121
4192 -3449
7213 6204
-6258 -5577
-5262 -2307
3259 -9660
-6563 -6065
-2859 1615
-9966 -3564
4893 -6203
8175 -1993
3279 1215
2926 -6345
-9476 -7798
-456 -2496
5595 5603
-3773 -1100
4305 4273
7094 -7292
-5167 3030
179 1474
8458 -9416
-2353 8616
9635 -1466
8429 1256
-8962 580
9046 -5157
2823 7146
-754 -9257
3061 5110
1307 -6752
-5900 -1674
-7773 7637
82 3505
4836 -9904
7001 5862
8392 7738
2450 1504
-6503 -3248
2247 1429
3204 -6733
7210 3446
-1471 6988
-5480 2798
-6649 -9322
4265 -2841
3105 -7405
9411 -4983
-9423 3332
7542 -5890
-563 -7891
-3372 5370
4181 6763
-7882 4884
-8979 -1864
3082 -6850
7841 -5323
-4631 604
888 7465
5631 3588
2009 9416
1344 8952
-2233 -8000
-1919 5551
5941 1395
0 -3503
-587 -9528
3593 3510
-3894 612
2661 6115
5475 8227
3551 8925
-1781 3690
-4300 -5888
6668 9797
-2296 -7827
-7974 1731
-2938 6740
6270 -6835
-6606 212
-153 2199
-8284 -9660
6176 2024
8693 -6424
8096 -2801
4088 -9548
-6393 -4788
3293 3232
-9123 4421
4842 -5374
-4988 6306
2568 -1374
8977 2359
-2393 4574
-47 -4554
-8107 7441
8692 3307
-5367 -1689
9316 -379
-6544 -2997
-9032 2119
-3470 9421
2974 -9926
-2447 4322
-6937 4030
-3995 -3934
7442 -9568
-2057 -1302
8007 -3402
-6508 4938
-5481 641
-5652 8133
-6853 2728
-7947 9513
4610 7351
-5944 -6215
-9355 -9873
7889 -9714
-6343 1222
1194 8311
3945 -7462
2459 -5704
3514 -7243
-860 -3148
7720 -2026
-2874 2465
1080 1466
-6014 -499
-3334 -8116
-4342 -2494
-4859 -1815
3323 3685
6441 1310
-7558 5819
-4061 -9032
-8880 4203
-4799 3342
6044 4586
-709 6426
4139 3427
-1569 -7018
-2594 1804
-9588 2248
-2934 9235
1784 8802
-9210 -1452
2611 8670
-4762 9579
-524 1464
-73 -4212
6044 -2480
-8616 5267
-5860 5251
6763 -1470
5336 8308
-2804 5757
538 -6777
-6885 -5494
-9705 9910
3444 104
-7674 5870
-9935 -4682
-9956 -9082
1991 -7903
-6902 -5637
4131 8023
-3427 589
-9325 -6944
8579 7142
8226 -9351
3272 5153
9984 -1315
-111 1583
-3982 9221
731 8063
7036 2982
3451 8527
8834 8480
5789 2827
-8766 7548
6153 -728
-9865 -6454
-898 -7065
8895 3266
-1658 5913
-4086 -2951
-2128 -8774
-3014 -2300
-4179 3469
5857 -8054
-9302 -1083
5398 -5587
8911 -8950
-1292 892
536 4044
2775 7238
-7241 -2922
-2820 -8218
2922 -7396
954 -4623
6281 6971
7810 -3900
-30 933
1284 6116
-8200 774
3409 -6518
-6649 -9993
9113 -3631
5981 -7509
2315 -7829
-2682 -2942
1804 9457
-3532 -1854
4290 -5884
9854 -3614
888 -1207
-9650 -5296
7233 -3010
6245 1131
-6515 1626
-7041 2850
-8403 4603
-8839 -6174
-7721 -2048
-7249 2346
545 2728
-1027 7197
3780 6031
-399 9600
8980 -6833
958 -5604
-2829 -4347
-9553 7833
-2056 7240
-8827 1395
-4764 -61
9217 9009
-8165 -9709
6414 -3172
8666 2842
-7662 4096
6975 4927
-8830 -8271
-1512 -3909
7441 -8577
-9706 -6440
2665 -5647
-8832 8590
-748 -4118
9879 7002
9715 -2750
1122 -1802
4509 -2812
-111 5308
-8399 8616
-8258 -2859
-9128 -3342
3438 1427
6960 6156
-4631 -3519
-9885 5319
2202 3239
-9655 439
913 7068
4363 7268
8574 -1024
-9802 -6199
8030 -1045
-8091 7657
1757 8519
-5165 -3318
562 7641
-461 -134
-8816 758
396 -3950
2324 -2278
2060 -1552
-4145 696
5899 9627
-3132 -2610
-6984 2560
-7037 3427
-6758 -1107
-9355 9143
-6124 3588
-974 -9218
3213 -7651
-4847 -8996
-7866 -4710
-914 3955
6771 -4659
-5475 -8882
3020 -6049
-5944 -6082
1643 5721
-8140 2885
-500 -8580
-7039 -8179
-4185 4332
678 6782
-2117 5797
8676 9939
-525 1841
-2659 -1299
-3007 -6516
4497 5497
-2316 5564
-4212 8781
1374 1868
1983 9260
987 -5069
9686 -3444
-8738 -4591
1043 528
-6143 9457
-6695 -2440
5726 -8886
4564 -1139
-788 -7789
-3781 -543
5460 -3549
-4319 3553
1063 6257
4101 5335
-1691 -9580
1792 787
-5512 424
-8255 -8070
3540 800
7578 29
-882 -7076
7857 5261
359 171
3816 -3276
-1124 1537
672 -2960
-8385 -1520
-3199 -8016
4894 -654
9516 4340
2461 -1509
-1790 -6112
-3868 -9395
-9804 -7276
-879 1863
-447 -3942
3956 -2601
-8091 5012
-9744 -2377
2799 5181
2706 -9204
-7663 8704
-3735 7699
9604 4504
1045 6569
-7193 1440
-2388 -248
8230 3427
-4207 -5507
985 5854
1168 -6784
-9996 6129
4348 6170
-6629 -52
-2425 -8941
6227 -3802
-845 5108
-8293 -8044
1961 1803
-7826 5484
-583 -3926
-2703 3015
-6298 -7483
9169 -679
-258 -7037
-6196 -4222
-2441 -6464
6219 1974
1719 8467
3083 -4901
-3586 -1599
9476 -2133
9050 9371
671 -1654
4637 -4586
-7177 -5432
4093 -8309
2317 -5125
8483 249
-963 7410
-8519 6289
-3398 7826
3353 8799
3521 -2845
3078 9799
8482 9837
5095 1873
-9967 8889
8693 -8171
-1809 -8831
-8793 5350
5989 5042
-3243 -4022
-9279 371
-9547 -2503
7971 6543
-3374 -6320
2149 -122
3395 1544
-5232 -3811
-161 6781
-9323 -962
-1485 -224
-6364 8662
307 -54
-6803 8375
-1550 -6006
-3133 5692
4522 -6909
-7486 -533
-486 4338
-680 5433
2846 2306
-339 -378
-7022 -4228
-4695 -8719
4128 -3299
404 6386
3810 -8623
-4705 8536
9975 1524
938 -8652
-7686 -9342
5519 -5623
2971 5147
-8878 -973
8313 -5647
-5244 3897
6607 -550
1415 5956
-9963 -6062
7307 -4435
-1933 -3770
-9010 -95
5700 499
4244 8310
2578 178
1546 5626
-1445 6203
8893 -6251
-7716 698
-5881 -9497
-9369 4705
-4606 3294
1815 -1385
5681 3704
7242 -8892
9270 -3347
4180 -7480
4773 -9756
-3559 -807
-5248 3823
-8867 -8679
-2631 -1773
2911 6672
-6838 3082
-5659 -8021
1514 8118
7367 -2375
-7926 -1232
-1205 6308
-1672 -2277
4692 7395
9838 9307
-5685 4665
-170 6968
-8606 -7639
-1725 -2135
6949 -6871
5847 354
-537 -614
8726 21
929 7358
5923 1055
7718 -1448
4517 3944
1795 -9914
-274 227
7496 -8798
3601 -9363
-9554 -4096
-1737 -5773
-101 -6194
9875 8350
2217 -2258
8661 1605
-7485 -7288
-2876 8676
3640 9306
-1227 7135
6588 -4732
5670 -7267
5824 1265
1370 5605
9308 5293
1046 -8582
4418 -7295
-161 -8891
-71 -9565
-1542 -5542
1333 1524
-5881 5837
-2614 -2526
-637 60
955 -2176
-4367 2501
3774 -8801
1931 -3881
-3532 918
-6023 -1994
-8488 773
960 -6544
5684 4699
2106 3177
5123 8087
1679 8998
-6684 -4762
2176 -2177
-5883 7868
-1674 -4318
-4179 -4562
-9820 -8500
922 -2356
-2286 3068
-6707 8913
8933 9734
-2790 -8529
-9757 -5593
7433 3943
4622 -3733
9679 418
3685 4910
5315 3326
-2467 4983
-3819 -2860
-3577 1015
-9320 -1671
-4959 6912
6512 -7707
-8397 -8095
-2810 -9727
-808 -3407
5022 7517
6439 2271
-5704 3851
9661 8344
-6886 3568
-3605 -6231
-7979 3172
-3308 8247
-5505 7038
-990 9530
6452 490
-3545 7844
-5030 7607
4398 3728
1305 7029
1141 -9490
7051 4957
-4790 -2348
3441 -44
6006 -2
-1180 -5941
-2099 2959
8615 -6302
1935 4825
5616 6239
590 -4975
5570 2083
-1931 -4899
-9764 -5655
52 -5907
-6587 -6915
5903 -699
-708 8714
-8362 -2386
-7402 4486
2486 4086
-5549 -1745
-2681 -7622
2375 2136
17 -3869
2143 3856
5183 9094
-2321 -9674
285 -575
-7311 -2950
-9624 -1976
-6736 5861
-3375 5814
1610 -8386
-7000 -3832
594 -1280
5933 -5912
6333 -5361
-1815 8701
158 -2386
-1783 2603
2533 -7879
574 -5426
-8779 -4281
-8257 -3263
-2777 -7772
-751 -3027
-4945 -707
2590 5113
2915 5739
6742 6619
-52 2762
2301 3115
8784 4492
-1568 3
-7147 3555
-4147 2504
-1886 885
7435 -662
4553 -8760
9571 9590
3029 2904
-3543 -9471
4442 -5394
-6304 -680
-2819 2453
8436 7662
-8652 6330
-8418 -6777
8094 2628
-9458 9205
-476 -1071
6103 3309
-9649 4246
-9569 -3228
3609 -3198
-5514 -9989
-4059 -5728
9461 3180
-5128 1220
7735 9231
-9559 -8552
-5929 6682
-4005 8065
1770 221
2829 4337
7967 1299
-7634 -2853
-4520 -7576
-1998 1881
3572 2836
998 -4735
4487 -4898
8171 8625
-1937 -2163
1427 3648
5933 1273
-4575 -7895
6432 5946
-3222 -2507
-5820 8436
-799 9796
4944 -428
-7207 -8094
-1489 -1926
3192 -2417
2746 9959
2661 476
6319 -5448
3506 -9396
1283 5121
3493 -362
8351 4019
-6692 -3036
-9838 3984
4017 3631
9328 -9612
827 -2005
2624 -5620
6078 3575
1278 -6408
-1431 -4919
9824 6319
-5166 3850
-5255 -8109
8382 7792
-1327 1659
2357 1855
5540 -160
1223 4511
8166 2313
-1040 7929
7918 -5527
4435 -1585
-9468 4720
-594 -7976
3749 -7657
-8734 -2826
1903 -1886
4565 6728
2539 9447
2151 5541
-4854 9953
-6335 5407
7324 -9082
4134 5423
-3743 -8778
3714 -6184
-504 -7752
-4001 -4102
9241 9832
7277 -390
5370 -6111
-8544 3739
3010 7422
1589 869
7271 2007
-7898 -729
-6465 -8685
9818 -8528
1064 7597
-2718 9363
-7828 -2790
-592 2804
-4789 -3251
-2117 923
-1680 7961
6038 3635
3197 651
5566 -7723
-7595 -7020
7709 1916
-8736 -1413
5382 -4560
4496 4804
-1526 -7772
2656 -8577
-1141 -4825
9623 3749
4215 8025
607 -1615
9603 -5200
4274 5400
-6679 4986
-8557 -3270
1976 -5018
4745 -7462
3285 -1124
9139 -4263
-2932 4598
-7793 -8519
8101 -6911
-5449 7843
-6096 7035
-1537 802
2689 -7270
-6989 8424
-9101 2277
8963 49
4779 -8739
-2507 -5062
8037 -6337
5126 3449
-839 99
7762 3665
-3738 1052
-5072 8692
-5284 4636
-238 8698
9746 9047
-3517 1666
-3631 6546
6314 -5780
-1708 9387
1887 -407
4414 6364
8148 -4838
-5137 -9682
6629 -9037
21 -9644
-3794 4416
-9559 -5293
7937 -1768
6524 -3501
1001 3716
-6170 -1893
-2177 -1882
-446 -8226
5016 -3909
-134 4617
-9295 1447
-8252 5281
-813 -1584
8390 5747
4779 6046
-1540 -8002
-9210 -8994
1526 -6437
-8855 -779
-6696 4826
-4494 9546
7619 3424
-9937 8549
-8506 6343
2359 -4102
-5684 -4090
-3957 7480
-8841 7947
4219 2770
-4348 3034
-1734 8510
-2696 3191
158 -133
-3295 -7273
-7150 9767
-631 -5400
-3368 -9704
-8311 2386
-3161 1374
4765 -1413
6863 -5444
-9407 668
-1247 2756
411 -253
8719 6472
7316 7252
2573 6890
-7218 -8920
3851 -8110
-8717 -4201
8418 9084
-9187 9381
7632 2429
7105 -8864
-9040 5465
1531 -7667
-637 5194
6064 111
5908 -4686
-248 -8550
5338 3288
8491 4759
4264 -1416
6554 2530
-4956 -1550
8570 602
2653 5748
9719 8300
-699 -7568
533 4666
-8771 -4442
6538 -8125
4882 -4607
2383 8971
-41 -9703
7837 -916
-833 1076
4816 1446
-3942 9540
1117 180
-3719 1020
3502 -7727
5832 3535
4541 5860
-2960 -5406
-4563 -6062
1028 -7441
209 5999
3556 -6920
-8813 -9840
-1291 6188
3623 -2406
-5006 5413
-1449 2535
1279 -2350
-6655 -8206
-6778 6882
-4529 -8140
3914 -1534
2801 5570
-1019 9315
8428 275
2924 5475
-8056 3935
7761 -6500
3877 -5564
-7493 -1748
-1556 -1638
8362 -5227
-900 -3925
-7768 7557
1732 8669
6409 8248
-2233 -5610
2183 9765
6900 -3716
-9519 -829
8521 -2519
6553 3685
-6268 -3325
7742 -8917
-4853 6184
-8177 -3862
-483 4185
-1990 1656
1438 6147
-726 3895
-382 9279
9642 4275
5127 -2133
-7802 9191
-1199 9209
9605 -7956
-5053 9610
825 -2137
-5652 7647
-7736 4222
4920 1649
1238 -9316
-8637 -2700
-8796 -9474
9424 -7475
393 -8285
-3589 7828
7909 3622
-5210 4521
-5359 1043
719 224
-3675 -5287
-5491 7141
-4370 -305
-6806 7115
1113 1929
9242 -7846
-9107 2887
-1935 -3754
9140 -4978
-7768 4642
4400 -5962
8859 1150
3382 7940
-1121 6633
947 5108
-5636 6612
-2921 -2342
-121 9506
-6081 -5781
3093 9458
4349 8294
-6226 3112
6015 3385
3565 -3134
6733 -1788
3881 -3436
-5082 -2244
-1866 3419
-2192 -4073
-599 533
3060 -1716
-2250 -6431
9444 -1883
-4054 9077
-756 -5594
2472 8306
3978 -9340
4410 5829
-8663 -7526
7254 -8206
-5289 -6356
8271 -7629
-1794 6998
5254 -2679
-7952 5433
-2994 -9832
2517 -7864
8295 -2724
-492 -5645
-4023 5705
-2750 1971
-7803 -6279
4853 -2975
1968 4893
-1995 -851
-5699 -7392
9388 8459
-4315 -952
-6860 -5274
-6909 6020
-332 -8358
1236 -1001
-9244 4719
-2224 3255
-2424 -7537
3891 7556
1720 -949
5038 -6343
-147 7150
-1762 9668
3147 -3962
9794 -4119
-3462 1277
888 -1170
4844 5734
9718 631
-8502 -1336
-7466 -9742
1417 -7160
-9715 2689
-6843 2293
9173 -3613
3333 3771
6548 8142
9038 7961
-4317 -6775
2051 3101
2668 7715
6690 6320
1915 -4260
5093 -7463
5545 -2330
5173 -525
-1210 3546
2200 -3902
-9707 -4054
-4247 -5020
-1450 -6978
5384 -2104
5065 2583
6628 3713
-2755 -7823
-1953 -3928
6608 -4680
4327 -9230
-8504 2098
-8663 5160
1083 2569
-2506 985
-9625 -4935
9993 9664
-494 -3190
-1780 -2973
-6599 -1549
-8440 -9737
6526 3240
-2743 1256
5435 -4754
6640 -7248
-2112 -5414
-8072 -6384
9568 3102
5948 -1027
8707 -1054
-4184 -9032
-9177 -4421
2507 -6413
20 -5601
2378 1831
3 5845
6320 -5142
-364 6223
-8639 1874
-683 3738
-7736 -6720
-7537 5835
1216 -1583
-7290 -2644
-9570 9463
3773 1614
-1738 -8061
657 -7086
-9899 1087
394 284
-5643 -6648
-5296 9356
-8682 5753
-5142 9592
8216 6513
1686 -3393
-8601 656
-3938 8390
-7193 9545
6909 -1823
-3047 -8746
-1738 -9017
-6185 9117
5407 -5133
-7478 8193
-6875 4628
-4362 787
-4761 1245
-5689 -6858
988 -1132
5941 3317
1723 5980
-4714 -5374
6835 3679
4245 -7597
6386 276
5042 -6454
-7901 7991
6059 2048
7275 1841
-5394 2230
-3244 -1199
-7707 9372
567 108
6756 6368
42 -3089
-1213 -2318
-8547 -8484
-4985 4920
1264 -5410
-5414 -2862
2772 7893
-3393 -6103
6064 9201
-880 3566
-4725 1352
-6341 -3739
1758 4420
-4966 -5529
-5393 -8267
6855 8958
-6774 -9468
-7369 -1104
5454 -7805
-3626 2756
5875 -887
-1742 -9454
-6548 -4014
-9617 2001
-2409 -4980
3548 -3539
7544 -4436
-60 9469
1209 8753
-6387 7723
-2287 1870
-6061 -509
9384 187
4869 -1342
3711 2472
-7782 -5732
-1282 -2509
-4984 1111
-5250 4060
-3165 -3482
-2494 1620
-6798 6220
-9426 -4413
-9981 -7817
2581 -6679
3248 -1721
-7426 1243
-3810 8418
5277 1064
9325 3626
-833 -4544
-4817 5969
591 5008
-8194 4732
4453 2906
-1018 8510
5735 -5520
538 -2277
-7270 -3576
-1671 2619
1073 8152
3337 9446
8833 1517
7893 -1593
4331 448
2596 -3086
-3752 -7644
6297 4596
-5148 1654
-5136 -6117
-4650 -2162
-7655 5033
2105 7300
-7802 -162
-5044 1919
-1369 -7257
-1205 9048
8180 846
6830 6255
-6150 -4335
929 6193
-8664 3837
-5090 -4291
-9950 1711
-5013 3887
9606 4853
-4570 -2072
-702 -2715
1893 -4503
5130 8373
2325 -6553
2103 7939
4084 4326
-3081 1245
7485 -4264
-8277 7864
5480 5460
8003 7679
4437 -927
-1758 9485
-4403 -2752
7524 -9483
1215 1884
743 -7253
622 7069
3357 2163
-2477 2584
8193 8568
-8572 5518
8434 4766
2216 4178
-4489 -538
1017 7379
752 489
7308 -3661
8796 2604
2074 5013
6591 3369
-9942 -3691
-3100 -8127
-3407 -9418
3077 9577
7359 -5507
7006 7462
6206 -9378
1934 9781
9163 9024
5830 -3306
-704 -863
-4187 6599
8271 9541
-7434 2191
8346 -3765
-627 3274
-444 2677
-2388 1060
2894 -222
-4301 733
-7660 2317
9850 133
-6596 -8060
-9270 7210
-817 -3259
-1616 9095
1561 -9945
3324 -1163
4744 3833
1781 5446
3500 5314
8201 -2453
-5714 -6893
8389 1155
-6232 8492
-2233 -2898
9441 -9378
5196 3280
3780 7132
-8552 3252
9578 9492
1715 4710
8200 -3957
4142 1614
-4499 -5408
6665 7769
668 -4244
3673 2193
4519 8574
4275 -3639
41 -7269
-7568 5023
8059 6459
3018 -5487
760 9815
7306 -6952
5912 164
-4735 -601
2723 8268
-3883 -488
429 -3413
8766 3675
-2587 4548
4206 4777
-3906 7033
-8249 -6997
7608 3567
7794 5870
-2718 469
-8127 -9847
-7207 3614
-1419 -9290
2882 3891
-7250 -4936
-9973 -2898
-521 -7802
-1814 -7699
9274 -3794
5697 -1338
5699 -2481
-2929 9708
5623 384
7194 -2828
3296 5703
-588 1882
544 1516
3980 9589
-7574 -8050
822 -4969
-5197 -2547
-8040 -3441
-8643 -2206
-898 7740
-6398 -1168
2447 -982
2884 -2173
9249 2955
1779 3919
6860 4380
-4245 -859
-4900 5510
5059 5278
8441 -7090
4877 9790
-8582 -94
6091 -7300
-5331 4631
-9233 -8523
-7718 5153
2629 -6698
4532 4036
7454 -1660
7738 -781
-9851 5116
-4977 -6867
7799 -4494
-4616 8320
-1484 2284
-3293 5011
-4240 5009
7066 2571
-5006 -3924
-1823 -4232
2703 -6712
-1301 57
6473 4766
-7936 -1019
-2021 -9183
-1089 6186
5726 9753
-1577 6799
-1469 -4948
-48 -7715
9227 -2881
6733 5959
-620 -6946
4477 -7074
-3121 805
2711 5376
6958 8058
1957 3782
-8766 -8846
-1071 151
-203 -2971
6546 -6316
3252 3348
2177 6700
-9400 6090
2455 7117
9392 -2963
1746 1987
740 -6378
-1089 -8988
-2427 5561
181 -5465
-1725 -4188
-8817 4509
1472 -9608
2772 -5618
8357 3406
-9254 -1713
-3910 212
-1196 5416
-8690 -9216
6849 -5023
2718 2258
1393 8377
4751 5569
-8869 -5683
-2533 -1309
3726 -238
4058 8094
-3689 -3894
6750 -445
-5206 -7827
-5037 8282
2368 -3318
8717 608
-28 8090
-7299 2206
-5090 3438
-8783 -6354
-6078 9605
2440 3591
1490 2699
-294 -9370
-4331 -9065
1628 3864
1792 -1376
2886 438
3650 610
5639 8911
-9515 5365
3606 -6561
-3997 4509
-1351 4658
5284 -513
8558 9648
7412 -5551
2805 -4260
2850 -8668
372 6956
5258 -1835
-7008 6206
-4193 -5699
-6701 4031
-1421 7035
6144 193
-4916 -3067
-7543 -249
4338 4266
4070 3215
-1400 2227
-5810 -396
-7235 4030
-6953 5125
-2184 5585
-4344 -6833
31 8157
4832 5573
-2095 9905
-6358 -4284
-3478 7320
65 -1199
89 4514
2923 3880
1197 -3502
-5096 -6351
-7566 -5878
-7806 -1990
-9274 -8861
9820 -9838
-3536 5397
-3517 -8084
-8921 7393
-5208 4284
8175 250
3611 9248
4681 6149
6442 4971
-1262 5342
-2873 -2873
4614 835
-7771 -1836
8077 5072
5987 -4853
-3558 -1066
5858 -8803
-6782 -1542
5483 -6885
-3508 2495
-5374 -1183
-5825 9123
3190 6359
-7522 7763
-6513 7502
-9948 587
-1260 -6920
7847 -1078
-6981 -8079
6319 -9116
-3968 -1350
1703 2174
8041 9152
3145 -4688
9939 -3558
9566 5219
4900 -8022
-3534 -3286
-2819 -4975
-2013 2304
9445 -731
5054 9273
-8532 4953
-8443 9587
-509 3425
-7738 6038
2364 -3155
9765 5546
-7753 -2747
-105 -7957
1894 -2233
5530 -7741
9044 7496
5065 -9455
5089 3578
616 -8377
-5459 6259
6775 1360
4033 4777
-126 7496
-5662 -9135
-888 2476
-9602 -612
-3570 5849
-4456 -2735
-8380 -5112
-2935 -2576
7957 1021
549 9027
-3129 261
-6903 5404
3072 4923
7121 4744
5245 -8704
7944 -3540
3263 -8850
3105 5836
9885 4526
-7325 2448
-8744 3687
-6636 122
5292 -4121
7719 1006
4555 -5291
-7767 2058
7304 -2122
-9056 -3735
-26 -8960
3423 -3457
1199 -9075
-1980 6918
5068 -3526
-8777 -4636
4313 9931
-8899 -7670
9475 -9573
-9247 1371
-9282 9799
6594 7599
-6541 -9994
-8905 -3606
537 -1671
-6229 -9717
-4199 -6789
-5996 -6732
3194 5642
-5616 6323
2581 2504
-234 -4268
-4319 -7003
-2812 6254
-1974 -8809
-6620 -4148
6743 -2310
-618 -5429
-4464 4420
3293 -1954
-7240 -9452
8603 -1169
5429 3721
-145 3838
5663 -2980
1440 -2745
-173 -9645
-3570 6435
5670 8325
1040 -534
3546 593
-6728 4869
9281 1213
3862 -7441
5186 3332
3859 8275
9285 -8361
7859 9329
1570 9040
-7969 1178
-9075 -8734
2943 -4151
5347 -9899
-6488 -1784
1800 -5503
-4467 689
-4171 4342
-133 5836
2056 -7921
-6541 8823
-9080 7139
4751 -989
8880 5222
6866 -7569
-9668 -5157
1964 8116
-6914 -980
-7457 -4076
-4466 -265
-2277 -7613
4977 9558
3218 -5606
-6601 -1441
4865 -2462
-1485 6119
-6670 8478
-1611 7332
1166 -657
-1957 -6739
8343 -3719
1580 -4668
-8486 650
-5399 1337
8015 1682
8065 215
1626 3793
491 -447
2730 3510
-964 5082
-7398 -3007
9356 868
1823 4737
-2002 2566
-8923 8467
-3581 8932
3034 -3972
1676 6316
4675 8340
3736 -7440
2632 3866
-9137 5222
8418 -8589
1376 -5637
6123 1681
-8467 8586
4148 8419
9042 -193
-8773 7615
7846 2725
6367 -8918
-6136 -300
-7041 -2935
-9525 9080
4568 -5461
6546 -4378
1783 5109
922 16
-1973 4510
4915 -2868
4631 -9215
9360 -9759
-3373 -4597
-5216 1256
-6882 9566
7021 5439
395 8007
-8645 749
484 -5732
-8486 -1691
1849 3592
-5637 -6998
1498 -1235
2278 6970
6410 9187
-8767 594
8590 -2149
990 4656
-977 -5847
-4815 -4916
-6121 -2522
-2505 1861
-691 9938
-968 9084
4802 2236
-8820 -293
4637 8333
3308 -9391
-5680 -4723
-2205 301
-6199 -4542
-5206 -1505
-1444 1074
2256 8647
-6491 5114
-9672 -2166
682 -1742
-5526 -2914
8898 -9332
-2274 1361
-620 -5246
-2062 9142
2838 8114
-7612 -1044
-7006 -7871
9864 -2071
-8639 6688
2553 3102
6473 -8850
9482 -4714
5040 -8466
2257 6235
-7382 -2171
5965 4069
6165 2103
8793 -9870
9041 5340
-2730 7532
-8309 7507
-8168 6274
5621 5212
-7627 7032
-3574 -1862
9121 -6619
4292 2779
3707 -4071
6360 -8302
-7614 6244
9566 5183
-9350 -9865
1096 1176
-8720 497
-8592 -4472
-881 -6988
865 3707
-3729 9221
-777 -5049
7073 -4762
8776 -6515
9616 -8933
5637 -5283
2717 2949
-123 -9298
5677 1331
3373 3988
6919 -2143
-5747 4183
-117 2784
2161 -2159
-3115 -3268
9500 4896
-4214 -3574
-671 -6977
2943 -8988
-5176 6880
3044 7196
-9003 7319
-1939 -5911
3037 370
3996 -6363
-7970 -1004
3395 8438
-5032 -6668
-2273 -6487
6189 6540
-9764 3810
-4767 -3716
-7078 3421
5701 -8772
5220 6742
-5567 -1778
-2846 -3066
-128 -841
518 -3295
1729 2973
6624 2742
-6805 1992
-353 8276
1510 9711
5336 7720
6058 5329
-5037 -888
-4457 77
8412 9449
-7613 -6705
-6536 2828
-6102 -4047
1928 5562
7066 2484
1230 -5252
-3085 5135
-7552 8694
-3839 1808
518 696
-2379 -2574
-3140 -5982
5876 -1982
-5442 8800
1242 -8645
7679 3753
7636 -8619
-9366 -2686
-4584 151
1255 630
9502 -3905
-9148 -1137
-7040 -1194
-5255 8017
-1441 2237
-9307 8799
7462 -5439
-7611 432
8967 -6100
-4254 4105
3422 -2018
-6933 1819
-2509 2575
6711 -5941
6420 -6950
-1547 -6235
-9609 6308
-6220 9952
5122 7990
7339 4964
1713 7529
9880 6756
-2773 -8027
2680 -5980
205 7311
-2725 -5991
7450 -1076
-984 6387
-2611 4155
148 -3617
-2493 1389
-2734 -1374
-6493 -1988
5333 8950
61 -9710
9260 8885
-1412 7546
6464 2954
-2582 9596
3937 -8852
-5410 2668
-7024 3502
-2287 788
7280 -8989
3712 8186
7637 -7405
9982 -275
-3047 2294
-9225 -7931
6914 -8500
-5854 6051
-7741 1211
-223 -6211
3169 -574
-5061 6314
4841 4021
-6382 -8323
-9674 -8079
-1077 -1148
-9164 -3422
-6429 -9931
-31 4965
-7251 -9194
-1889 -9387
5641 4650
-8088 -2879
7667 -3139
9601 1363
9193 -2958
7233 -3881
8770 83
-2036 -4533
715 6225
719 4265
-9107 -5512
-1987 9009
4754 7028
950 3076
-7899 4255
6422 2306
9655 -8951
8694 1993
-120 -578
-1260 147
-9903 -3604
2991 5209
-1409 -5918
8770 3733
6430 -8578
1764 -2538
-937 6698
5967 -5403
6961 4032
-557 6516
-6850 -7117
-6163 4330
-6775 -8235
-5392 -7359
4504 6964
2930 3833
6798 9768
-5418 -6541
-11 367
-3695 -2879
-9617 1751
-4865 7868
-3166 1294
4134 2241
-191 -8941
-4591 -1098
-6625 -532
9034 9511
505 -8229
4591 418
-5045 -5243
9517 5268
-6312 -9624
-7459 -698
-6587 1809
7714 7470
-8420 1289
-147 -9240
-3270 -7364
-3371 4978
-7005 -8425
6170 3036
7625 -7582
2567 -544
-7783 -7076
6478 1402
-9008 8585
-1247 -3349
-3418 4781
-4016 -7725
3357 -9715
7054 8437
4851 -2089
-1191 -1923
-2586 7852
-8942 8726
686 2968
-8504 6131
-3247 7174
-7732 -7793
-5953 -6812
-2494 -5382
-1560 8457
-3671 -4509
5959 6903
8108 8894
-4408 -9466
3053 2304
8635 7893
9515 4889
-4544 8116
-9792 8979
2918 -9659
1889 -7313
6300 -9293
-6203 -4525
-5448 -9764
192 589
-6022 498
5197 1196
-2721 2239
-501 5164
5869 -1496
6908 -2851
-4831 -518
-5010 1128
3228 5081
8273 5694
-4674 -112
8656 -6115
-668 7369
-1268 -2996
8832 7223
1430 -6310
-6101 -4907
8984 -4080
-3195 6639
8652 -3848
9340 -8998
111 -8545
-8507 4074
2898 7742
634 -4683
-1174 1219
8762 1229
-7967 9879
-7618 6825
-152 1517
-8067 7924
7573 8712
-4455 -7722
8537 5439
-9977 4243
-8372 -2407
-8708 4337
2238 9415
5567 3359
3764 9242
8357 9215
6580 6630
3427 -4472
9688 639
-7850 9497
-6701 8644
3687 4957
2368 9184
902 9606
3920 -5607
9708 3522
-1890 8839
-8841 9080
8763 -9642
-2152 -3024
-8853 6342
13 -6149
-1896 -6053
-3410 -2237
-8385 7130
-5378 -7240
-7646 -4667
-8581 8687
-7802 -6144
-3608 -8023
1895 -5952
4507 1533
8189 770
8427 2981
7834 -7779
-1528 7937
-2566 -4249
-5249 9830
9848 -1763
-6118 -7624
-5098 -6636
-6398 -9227
8869 -2028
-5005 -5304
-9109 2134
6026 -1309
1673 8440
4135 -8980
4285 -3100
1423 -9822
-7676 -9300
-2159 -5627
-7169 -7959
-8445 2549
727 -4324
-8287 421
2149 -598
-9585 9408
-5376 2354
4429 2372
691 -4076
-3415 -8438
3520 3884
8959 8112
2977 -6927
1813 -2797
-372 -9149
-4415 -5191
9724 -6726
-9075 9386
-3231 -1842
3634 7175
7138 8586
7978 9699
6373 -7962
3471 2378
2697 5836
2888 8397
7239 -799
-3258 4945
-5323 -991
4892 6888
1142 8230
-9076 -4078
1585 -9182
3637 -4873
-6239 2919
-6993 781
244 -1215
-6668 9594
9433 -2806
9271 8299
-1542 9891
7953 -2602
-6041 3240
-4311 -7731
-5143 9298
-3800 -4677
-166 -5832
-9521 5390
-9770 -1183
-6209 3237
-1683 6284
3185 5679
-3103 4133
-8342 1279
1821 -6503
-2594 4155
-9744 3407
4308 4619
7685 4305
-3049 -9189
-1601 609
6026 8298
4464 1993
-6078 -9289
-2491 5135
-4094 -8630
-1931 -9424
8499 -6273
-5457 -6128
-6131 5384
4939 6560
-468 1613
7668 5571
-6691 -4083
2527 1208
9870 691
-285 -7329
-4813 9102
-2963 -858
-3490 -5572
-4372 695
-279 -1745
574 5677
8711 6815
1303 5444
8905 6877
6852 -9541
2491 3324
-8270 -7844
-9048 -2152
-5685 -8222
4026 3935
-367 -5673
9673 4124
6146 8857
-6600 1459
-6417 -595
-9316 6575
-5976 -8145
9102 -5493
3168 -5870
-4134 1992
3030 -1858
3297 -1408
-8763 1914
1444 1078
3709 -6685
-1194 2095
2391 -4602
-828 -8114
-4947 -186
-124 -6887
4364 8730
-5028 7391
2446 5294
-1372 1004
8674 -4964
5206 1736
9285 -774
8252 -4336
7395 5751
-1984 -3038
-5596 9055
-5916 110
3779 -4804
5673 -7596
-4941 7488
7300 1122
-327 -2727
-4823 -751
-2845 -4441
1712 921
7451 -3193
-6536 4740
-4708 -4992
-5758 -2456
5078 -7427
-4484 -3271
-3338 -4406
-8577 -174
2109 -3578
4275 8314
4694 2630
-7164 1633
6965 -2761
9651 4445
9048 -5790
2938 1997
-887 -8784
-4805 -3895
2096 5047
-5917 7715
5383 -3992
-1922 7781
-4601 -6336
8428 -715
-6182 9637
-8465 7505
-6380 -2904
9243 3549
-9279 7070
-9551 1050
4431 3668
-1550 -1512
-4438 -1740
-2169 -2909
6517 -7196
-2652 524
9709 -6146
5077 -8089
-7975 9507
3726 -8518
-4391 5102
7864 -2335
6023 -4470
1125 5844
2619 1037
9366 1586
-6400 -9161
50 7202
-6705 -234
-1515 4066
-9003 754
-3238 722
-606 9252
5077 9334
2149 -6365
2204 32
1405 3769
-7494 2557
8900 -8921
-965 452
-3746 -3508
-9767 -7566
-6818 9780
7174 1168
5917 -6764
-437 -5113
3792 1958
7358 7949
-1673 4737
1229 1949
-6304 2746
1616 6952
9051 -7867
174 -9987
4318 3575
2706 1381
-8126 970
4622 -3424
5058 9831
-3294 -8830
6591 -1292
8687 -7030
-4669 7247
3289 -8620
-7644 -7227
-775 -8598
757 2277
3878 1973
-7701 -156
2023 -9510
-3082 3543
-9874 3614
-6517 9209
-6907 -3417
-6173 8827
400 -3139
7092 -5670
8174 -447
-4246 9184
7737 8447
44 9266
-6661 3788
6528 -9040
8612 7227
-8917 -3349
-7946 2111
-683 4771
-850 1801
-5842 -7366
-844 -9036
3844 -1900
-1429 -3276
-5651 -2696
-7461 2367
7580 5882
-9873 -4085
-7505 8748
583 9180
-4442 1763
7612 7552
1320 6551
3522 -8315
-8247 9993
249 1260
-9613 -1506
-7308 5366
5253 3809
5766 2647
7915 204
-4971 -5073
-7496 8041
-2770 2353
-6260 -1665
-5053 -1435
-304 3983
-6293 1904
-3102 8516
-415 -4988
-5835 8690
6178 997
-2201 -2319
2906 1556
8809 -1985
8651 -2650
-9586 -6434
-1755 1194
-5655 8535
1399 -673
-852 7822
7008 -4954
-9568 8391
-7612 -5767
5719 -7516
9410 9718
5940 4741
842 5251
4189 -3321
3481 5524
6796 9073
1278 -2073
-9349 281
5678 -1948
561 7868
2186 -6133
7816 -6122
41 7617
-5432 -5335
-5904 8171
-9035 -5295
-213 -5384
1370 1817
5612 5856
1015 -9060
818 5687
8851 481
-437 7407
4064 -8048
6441 -6038
2853 9318
3952 -6087
-1148 9215
-4425 1857
-8997 9204
5402 3912
7112 -5681
2300 -9856
-2620 -1438
4314 -4106
-2083 -9845
-2661 1037
2147 9769
-3614 2423
4200 -8642
-9710 7434
-5695 52
5855 7488
-5340 3685
-7486 -8982
-2658 -7036
-3227 -6346
8640 -7125
-7280 87
5930 2697
2707 3729
1841 -2006
-912 -593
-8883 -5583
-3360 -2706
-9410 9778
-3686 1236
861 1363
2318 -6
383 -5550
-4605 -3977
-7805 6553
-8739 -1803
1523 -8430
3444 -6916
2145 -3899
-9360 6917
-1714 4362
7879 -8984
6733 -3491
-1166 4738
8765 -1652
4102 110
-2253 7229
7060 -8072
-8327 6276
-6346 1390
-6499 670
7112 -26
2764 3347
-7700 1809
7538 8395
8592 690
8055 5717
15 2642
3207 7253
-7141 8063
753 -1563
7254 141
2727 -4872
6929 1924
4390 -2106
8034 -6684
8363 -1325
6710 -1014
-8721 5955
-4516 1889
-7455 8287
-6133 -4768
-6277 -7833
3371 -7904
-1200 1260
91 -1346
4892 7938
-2956 -5894
3854 8113
-2261 6039
9254 8555
-4144 -2124
981 -9569
-6858 -5350
9235 5278
8199 4511
856 3964
-2705 -2847
9444 -7794
-5931 6881
5724 -9793
1129 3003
-5584 4320
-2718 5991
6561 -4027
735 2213
3505 2563
-1809 -974
6059 1107
4443 7587
-3714 -5580
-1857 872
-1945 852
6868 -4298
-6064 506
-7943 654
4398 -9701
6504 -1857
-728 -588
-9212 3974
2523 -9232
5962 47
9300 8035
1526 -9221
-9850 -2090
6793 -4044
-7081 -7767
-688 5832
-3321 2999
2740 136
-3249 -4954
1160 465
-1667 -129
-5661 7730
-4951 -6063
-5928 8947
5812 -399
2674 1437
-2962 -7457
7292 -4436
7888 -2719
428 -1962
9270 688
2452 3863
2223 -9748
-3676 -3145
5527 -3429
-5742 1793
-8172 4050
-9093 -8465
-6864 -7549
-9719 5428
-5421 5377
404 -422
-7988 3832
-3750 7843
-3414 -5597
-2814 -7527
-3082 7029
6087 1585
-7678 3803
8621 6312
-5489 2568
4329 5251
-6533 -8491
-4722 -3217
3230 8705
9949 -7131
-2653 -2134
-449 -7171
9935 9523
-4049 -7253
-6612 -6745
5144 -5805
5171 3858
9813 9514
-7552 5491
-6902 2524
2784 -1327
-9870 -2663
1877 -5898
1192 -5977
-3330 7830
4850 -9931
-5583 -2824
214 2792
-9517 -4944
-7346 4853
-9057 -6586
3400 3633
7587 -1540
-3693 -2896
8238 -7147
-296 6299
-6756 6069
7105 9807
-4303 -6865
8847 325
-8081 6860
-4850 8989
-7984 7626
1398 -8614
-6319 9288
-2304 -353
-3869 -3224
-3496 656
-9467 -5754
-9999 -6780
-575 -8599
-1206 -9422
4192 -9745
2443 4161
-8 2125
8511 5933
-1222 6845
-9351 7698
8998 -1973
6698 -2310
5490 -4489
-2389 -5351
6398 -7816
6038 117
-482 -9954
-8577 1333
9739 -3340
2529 -1268
-1767 6027
2628 -4564
2176 6973
3050 3090
4529 -5469
-6599 3671
7137 4052
-8513 -9152
1763 9029
-7631 -1566
-5065 -2597
1011 5504
899 -930
2467 1633
500 -8445
1340 6302
-1295 958
350 -1274
1688 -1094
-5473 -1342
8979 7316
8017 -4650
-3501 2529
2147 5193
4922 -8335
-807 -4192
-5663 -6961
8474 -3645
6208 -3735
6931 8984
5417 -6921
390 3188
-7209 3166
6369 3870
7150 4124
9222 -1197
-4427 -3725
5196 3506
4139 7386
3292 8233
913 -7550
-5601 3264
8034 -5672
4772 892
8675 7813
9412 1609
3152 -1574
-7224 9232
-154 2107
3620 4126
2094 5077
-360 29
-9935 -9560
2130 -7629
4346 -5382
-76 -5889
2217 -1793
-7014 -7542
-3508 -1450
-2093 7292
-2655 2306
7110 316
-6558 5380
-3652 -5502
3514 -8770
-3571 -1244
-9647 9255
318 -5250
6322 4928
-679 -7797
7711 9204
-4276 -3238
4242 -334
4 6472
5893 -4070
6765 -5305
-9649 -2105
-9870 7890
-4390 -1697
344 -2960
7087 -8917
-3437 -7199
8965 -8145
-4202 753
-1495 -4210
-8114 4838
-7578 -7999
-6703 -5445
-2003 -3910
3627 -2264
3756 -3324
2334 3366
-810 7587
302 4401
1365 -8152
-4716 6477
8495 1897
-521 4185
1171 -8954
5324 -584
8168 4495
9241 -5985
5746 -5008
-5861 1731
1263 -4555
-5157 5988
1910 -1888
-9294 -2585
-8850 -8820
-8563 4562
-1407 -1436
-2728 3951
3820 3522
-1533 4773
9475 1460
-4035 6349
-7101 260
2365 -7484
-1479 -4014
-6124 3068
-3950 2856
3791 -8674
-2940 -633
357 -6894
3076 7992
-8388 -7085
4485 7515
-7605 6159
2488 -1355
4278 -2002
-557 -7783
8143 7078
1907 -2756
-2915 7215
-1434 -7793
-3578 -6804
-1825 818
9569 -5829
-8876 7399
-5523 2227
-4528 -7955
-4252 5329
9020 -5895
-4460 9085
4202 463
-613 772
3918 7972
221 5238
-1489 4497
2640 5198
5847 4149
4643 -995
-3651 -7856
-5726 -3465
7061 3212
8729 2039
-4754 8158
-1542 829
269 -3546
4449 -956
242 -1780
-505 -7158
-1426 -668
2694 4802
-7695 3808
-9271 9437
4690 -9534
-9121 348
6668 -6065
-8541 6256
9812 -9906
-3755 -3417
5676 8225
7403 -6701
-766 -740
847 9096
9555 -5847
-111 760
-6491 620
3281 1995
3082 106
-8518 -7504
-8027 6695
1249 -4708
7010 7770
6961 6615
6300 460
-2357 8162
1939 8815
1323 -5066
-689 -5502
5277 1963
8517 1918
-8148 3842
-4436 667
2719 -3161
-1435 5016
-8482 -8340
-1170 -1844
-7068 -2797
-9558 3677
1512 -7688
5429 1473
-981 -2107
-8904 -8134
-2970 7515
4638 1025
-4931 325
-3695 -4116
-3944 1719
-7028 -8891
-6285 -953
5125 5654
-8987 4255
-8496 -9768
-9092 851
7107 9203
2830 1336
-9307 -2185
77 -1711
-5884 -2937
-9348 -8747
8758 -4515
5606 -4296
-7988 7685
8361 -7248
1009 4257
-7387 -6305
3518 9075
413 712
2375 -6747
-4094 4889
1028 -314
-3472 2519
-5955 9937
-1984 -4332
5900 8215
4675 8543
4263 7926
-9856 -3460
-3208 -8511
-2762 9275
746 8736
70 4738
-5076 -6043
5017 -8985
6163 3155
-5090 -5254
8774 -835
343 8765
-2452 -7639
-8674 748
5461 154
-250 3447
-309 2973
-8181 6581
-3465 -833
-4411 -317
-2379 5699
-5776 -6140
-5156 597
7654 9916
3583 4442
-1604 1913
9989 -714
2597 6281
-3512 826
-4444 -5644
29 -6187
6223 -3482
-3900 4196
4520 9445
9255 786
6425 9742
-3609 7983
3809 9632
341 4464
5506 478
-8363 -962
-440 -2132
-5127 4640
3426 8598
-7978 8282
7271 4920
9318 7575
21 228
9102 1791
-1146 -6095
5410 -779
8579 -3650
-7321 7117
-1739 356
-2928 2876
-6864 7095
2131 5452
7586 -6215
-4691 -4210
5847 -951
9759 -1990
7646 -7579
518 3487
-1080 3106
-973 7688
5720 -6319
533 9884
-1413 6981
6951 7689
-2622 -4244
3624 -2570
-121 -2878
-8225 -4553
-4911 -7998
-955 -2239
9277 -1220
-6963 -7102
1385 3627
5097 4239
-8159 -5983
-5810 4179
4854 -6797
1051 -8012
-73 4416
-6131 -5757
4529 6592
-259 6198
-5502 3869
-8323 9483
1490 -62
-7663 4178
6755 5269
3986 5908
944 -2878
-5789 6009
-7564 346
1751 371
-9229 -7442
-952 8169
-5507 -1214
4013 350
1561 -3531
-6694 -4358
-219 2726
5209 1555
-677 5297
996 1170
344 -5908
-1089 -1244
1898 -4105
-8074 5545
8979 5694
-5496 -3336
-2280 -3025
5113 4147
-5164 -9611
-5764 -6876
3324 -5494
-1343 3404
2927 -8842
-444 -2650
4852 5991
-8158 1571
-9443 -4706
2066 7613
3805 6804
3034 9299
9439 -6269
2368 -2172
-1765 6713
-4387 4080
1381 5554
3255 2826
-3763 -6887
-5652 9722
312 9701
-4049 4325
517 7263
-2243 -6693
-4558 -5099
6066 2527
-1312 9949
3454 5302
8039 4039
-490 6740
46 4091
6142 3862
-27 -5985
-6940 2102
-3017 -9997
4766 -2604
-1783 -7430
-9888 2539
5235 -9015
7581 -198
-8830 4693
7480 -5112
-7909 -4606
6036 5325
2813 7792
-7924 -8270
1406 -5776
6447 -1470
-7641 9103
7462 7323
-719 -8396
-3908 2588
6884 -1686
3984 2766
7409 -5198
9729 -5336
6088 -8964
888 -2294
-1723 4499
2786 -483
692 657
-1160 -4282
9789 -2042
-5151 -8403
1430 -5034
1 -7755
-7213 4158
-2387 -1528
131 -1738
9115 5502
8632 304
9991 -7127
-8435 -3639
767 8759
9778 -6278
1092 9566
-3449 8164
5996 -5962
756 5891
-8343 3285
2136 -4228
3736 8525
-4699 2995
-713 9462
5532 -9194
-3722 -4514
9542 9612
2845 3536
-8939 4458
-9434 -3950
2846 3369
-9765 7302
-8438 -1119
-3354 -1121
289 -8660
-831 5702
-4179 5242
-1507 -7168
2314 4482
-141 8865
6820 3074
301 -1117
5186 7086
1259 709
9034 573
-8813 -823
4839 -7526
5413 -5745
-9407 9733
-1661 9770
9449 5290
5779 4984
-1794 6297
-7136 3071
6906 -4055
-5478 3062
-2875 -905
9678 1027
2707 -7958
4853 -7227
5869 -5473
-6229 8709
9735 -7164
-8131 -3140
1820 -5524
-9908 7561
7329 -3311
2835 3503
-2560 -1024
-5188 -7795
-3931 2234
-3711 -147
4562 2250
-7469 -3061
-4359 -1259
8731 -343
-4899 6573
8005 1266
-8421 -1362
2304 -6984
-7960 -5358
4278 -1651
-5131 9522
-4830 693
-4037 1572
3098 7017
6535 -2591
4603 -3600
-5947 1771
6962 2634
-5787 -2184
-256 -8901
-4505 5035
-6945 -722
6118 2195
3539 -714
-6400 -594
-7128 8680
-2664 -5628
-365 -1961
-3655 -4713
-2081 -2843
5799 -716
-3777 369
2839 6497
5354 8228
-7432 5007
-2626 3411
1154 -705
-9761 2278
-9241 3793
1806 -2789
-9287 3744
-6400 6759
490 -9079
8378 -3278
8916 -7239
-9780 7371
-8235 3002
-3900 -9913
-3909 -1097
4995 -6442
283 -2998
-3029 2349
-7060 7172
-1515 -3880
-329 -8053
6298 -7374
-9701 -2731
-4719 -2809
5115 9037
2808 5808
5887 -1004
-7368 -7942
-3155 -9008
-2068 8933
766 7504
-2834 8847
1823 -1256
578 1907
5783 7211
-8675 -5654
-417 3845
-3857 -9070
-6198 -2919
-3805 -2837
-3961 6419
6200 -4911
6186 -4082
1777 -7604
-5620 -3581
-9368 -3707
-3548 2217
-255 -7149
-6987 4630
5679 -6445
9845 9101
-5351 -6194
-4613 -3292
6658 2287
-6576 -4427
5809 9276
-9142 -2717
-9967 -8916
-6947 -6908
-6976 -6645
753 -5700
-492 -5659
1179 -3312
-1503 -8080
-4941 -5011
-3484 -4377
9772 3018
1367 6428
-4330 432
-4528 9498
-6412 -9192
3754 -9315
-2765 -1468
-2824 6239
-8026 -1448
7922 -424
3428 5764
-5225 -343
4283 5056
-4548 -7812
7945 -1723
7282 3377
7840 9563
-7683 -73
-6083 -3735
2030 -3981
2553 8439
-5166 4683
9198 8676
9232 2716
-5309 3748
-3967 5494
-4019 -4094
-4894 3025
5320 -5354
-4126 -358
-1948 -8733
-5031 6049
8389 486
-6645 9851
-7947 -8339
-7876 -3261
