476
-273 -9403
8294 9754
7889 -7268
810 3187
-1106 -7474
1642 -3337
-6865 -8760
1571 9591
-8594 -460
499 5000
-7902 -9141
5300 8846
3271 1904
8415 -6357
5650 -1608
-650 -9465
5233 6388
-9083 -4038
-2174 4312
4696 7717
401 -9
6266 -6672
3744 -7348
-6913 3670
572 -5248
-6989 1713
-3416 6114
-4542 4770
-9065 5861
3146 7520
-1720 -3053
-1435 -3747
3397 7563
-8761 6172
3923 -8235
8197 -1359
-1935 -4596
-6576 -3528
-3139 1660
5570 -8754
-2889 -9108
-198 5422
-875 7917
-3652 -3637
-2432 -3791
6848 -7783
-9114 -5030
2538 -4989
-2847 7382
-4012 -5604
5232 3834
4806 -1629
5566 4627
5478 -8883
8736 6033
-5527 -2114
1443 -4100
2281 9698
-3209 -8008
-6070 -3262
-6744 -9039
-6306 -4723
-3918 5277
-7496 8459
2948 -5551
2862 -2422
5886 -7208
3885 2308
2454 987
2815 -1369
5702 -7541
1605 -5262
-6790 -352
742 -5925
14 -6563
8650 -3793
-3911 -7277
8752 3209
-8806 -7698
4875 -6070
2108 3682
-3452 4049
-1388 -2698
-6438 -7249
-5275 -9419
-3795 8529
-7575 -6416
970 3092
3620 9933
8367 -6421
8725 3307
-1420 7495
8448 -890
2888 4809
-6499 8210
4853 -8153
-2749 5977
9696 6651
-1635 9716
-1222 -7168
-5611 -5924
-8 -903
5401 -3217
694 6504
-1960 -5176
-9478 1100
1562 1530
2425 -5828
-9626 6937
-8500 1763
8057 -617
194 -2059
2491 -4042
-4272 6149
9071 7441
-6935 -6117
-4886 -902
6304 -638
910 1113
-6507 -4188
-3499 -2686
6696 4903
-1650 -9079
-8409 4910
-7713 9623
-3710 2096
-6922 -3633
8184 4829
8857 2981
3125 3141
368 -2431
-9142 -9412
2498 4123
-2417 -8515
5262 3203
9328 -6536
8688 2855
-4043 1008
4902 7294
-9619 4742
8896 1304
-7609 3945
5971 -1501
339 -2156
9648 3311
9820 -3867
2905 6125
-5505 4246
-5499 6918
-1276 8750
-4001 2257
-8753 4787
4784 -4985
9566 8618
-4118 -7768
-4365 -7511
-9339 5493
2158 4740
961 -5443
-335 8497
-7262 -423
273 -584
1770 3541
-6816 -4798
-1047 -7347
-3652 726
4644 -2436
-5229 8884
3972 9162
9846 7152
4176 -5799
-679 -1968
1204 -4576
-1732 1763
6875 1362
9281 -5522
-1629 5304
-6051 -6117
-9154 -8916
5332 7360
3159 6522
-1697 -8459
-1200 -7875
-4916 -2522
-693 4181
-8794 8892
4011 4835
5047 9904
-747 -8291
-7384 -3895
3387 -9056
7422 3358
-6343 1581
3652 -7990
-2334 -8136
-769 -5727
-2138 5433
-1852 1155
6862 6037
-8979 -3003
-9550 -2608
-849 513
4832 -8386
6435 936
-7316 -2977
4449 -8526
7162 -841
7732 -3355
-4997 -2387
-304 1820
6397 -5087
-7043 -5452
-5218 2531
-8997 -8846
4426 9725
8184 4754
-2337 3205
4164 -4027
-6268 5312
8203 3025
2862 -7291
-321 -3570
4476 2939
-8564 -5251
9715 -9793
962 3320
-2254 3578
9685 -5135
155 -7868
2024 9342
1654 -6436
-8264 -5898
2760 6058
-5710 4873
8674 -6331
8701 800
-2830 -9563
9685 8860
4557 2205
2142 -396
-3019 864
-5287 -3433
5079 8673
9315 1679
-9111 -4052
6051 -6887
-2207 4273
9297 -171
-8727 -2236
-137 6838
5636 -3086
4999 -7913
-1515 -5396
-5663 -529
5020 2490
1428 -9345
-8548 -8166
-8398 1443
9389 -1588
-4001 -945
3197 7269
1380 -7181
-2113 4829
307 9789
3626 4849
-1537 -3276
-7506 4237
-7164 -9599
-8093 -5327
8714 5453
-1254 7816
-1912 8836
6359 480
-8178 -2384
-975 2657
-7983 614
4941 -9391
6523 8731
-5667 -4387
4262 -601
4817 6893
-6682 3300
-372 6592
-727 9081
-6585 -1601
5105 6224
-6866 5089
-1557 8945
-5034 -3686
-5635 -438
6938 -1985
6451 -7422
9823 8901
-7703 6923
-6424 -9319
-3560 6066
-2357 -393
339 4892
6843 5565
9064 1236
7568 -7173
-9890 4145
-4342 5063
-9306 8125
-3063 795
-8008 1470
-8344 -6262
9264 -833
-8945 -2478
-2401 4791
-4418 -6933
-8667 -8077
2761 8085
-5296 -2255
2616 -1009
5160 -3709
-4878 -4364
2815 -3391
1678 -2074
-3495 -5834
2506 -3961
-7008 -1797
7457 -8988
-3911 3470
-8918 -2745
9245 4793
-7165 6252
2356 6167
-9515 3821
-6933 1106
-1183 -7205
-7070 55
164 1666
2723 -9046
-8058 8771
-928 -1665
-2652 -8280
8783 -9733
-5302 -1205
-6556 111
-4291 5798
-2807 3073
538 -4550
-9593 2694
5433 2810
1784 -8391
8538 -7751
-8623 1284
-7234 8434
-7341 -5853
-520 2976
1960 8900
-2156 -6400
-5027 -2433
3369 -6026
-7130 -4745
2069 1114
8700 -7854
-7552 -8692
-751 1576
-9586 9266
-7691 5926
205 -653
6400 -6017
-7832 1558
38 2192
-8486 -8154
-8584 -2602
-1207 4483
-1433 -1109
9502 2329
4270 -5104
5315 3780
1613 -7045
-8883 -5392
-1489 587
-2298 3369
8309 -4379
1942 -491
-7214 -1591
2451 -4564
5303 -8085
5557 3199
-8797 -7822
3995 738
7731 7011
3773 1475
-6928 -7677
-997 -8161
-1665 -1999
-5160 2651
-6697 2641
-9735 -1634
-5973 -2828
-3352 -7482
-3586 -2551
-1317 7636
-3200 -8918
-807 4889
-8954 -2498
1008 -4922
4615 -2013
9357 -9028
3294 -3176
1763 7172
3332 -1660
-5651 -7842
3511 -433
393 3480
-3292 2150
-5865 2164
8724 5331
6382 -9067
3653 -790
-9558 7885
-4365 -4870
9526 1614
2445 -8343
3729 -1137
5603 5970
201 5692
1626 108
-6118 1435
-9091 -1690
-1305 9085
4562 -981
-7684 231
1491 541
-9757 -6443
1971 -3883
-165 -5205
-2755 -5833
-957 6984
535 9383
8489 6551
-4847 6103
-5231 -9226
-4799 -6744
6104 -3605
-9781 -7515
-4745 -6754
-8699 8858
7165 -1018
5535 7578
-6376 4224
-1416 3286
385 -4264
9431 -108
-1539 930
-6323 2331
9970 -3858
7953 -7737
-625 20
9180 -9707
6782 4915
7126 9739
3198 9741
4545 -1586
-2754 -1833
1747 -1370
-2855 -1258
2744 -8856
-401 311
9119 4798
8665 3631
2031 8629
-2041 -2928
-9025 -507
-8724 790
-3174 -6687
9965 -9264
2744 -7583
9507 -5408
6318 7652
-3970 8332
-2889 6380
