161
9528 7281
6508 9593
8428 6439
8764 7419
7972 8652
2539 5083
5856 8185
9920 5081
127 4476
5504 1434
1777 236
1131 6165
9980 1967
4802 6852
9510 2345
6157 9641
7303 6600
5560 4263
7273 3197
5676 4380
7053 8975
6345 4953
9927 277
1609 7811
4318 9238
6267 2916
3289 6835
3325 860
256 6832
8724 9221
2434 6773
9952 6997
241 2615
9721 4294
6262 872
2029 5672
1241 9991
6025 1749
9131 9620
184 8517
3087 5028
8924 2003
309 9314
5086 8480
3805 3588
9179 7097
6522 6903
5429 5694
7959 8585
6435 4653
6775 7645
360 9755
4129 6718
9986 7340
5344 8562
4216 8878
4038 4601
2821 8395
366 4402
3162 8502
7896 7660
245 1406
4566 7010
5973 5817
5043 4375
977 3431
6829 5359
905 3641
4175 1384
8872 3976
9580 6665
2111 6049
7565 9728
2772 9952
8988 6962
6153 1533
7978 8592
3559 8393
1920 2747
9077 7589
7160 8481
2326 1051
125 7407
7598 2643
8335 8491
3823 8746
4657 8912
8444 3823
8095 445
545 9789
7237 1248
4959 2909
7789 552
8747 7615
8483 8817
7557 6350
7518 3211
7050 1960
984 6017
1462 2958
8212 7805
4504 5002
747 3619
4244 6534
1443 6497
3872 1493
5176 2115
5987 7237
6895 6748
6183 1600
2822 7702
9592 4213
6844 85
517 6398
3203 7999
1769 9347
4788 2500
6390 7246
969 9643
832 5473
9639 501
3179 6674
99 6048
6455 4797
1696 7776
2359 6911
7615 1870
3964 7867
5681 7670
9814 6158
6705 2406
6233 2862
9468 4928
5963 2386
8406 4021
1348 8829
8840 3703
9305 242
6225 5843
3584 2924
14 9547
7429 5009
6486 8831
2755 9873
272 2806
5450 9843
5378 8484
7284 4424
8384 6656
4288 8042
6934 8830
5065 9271
2038 8687
9797 376
8045 2452
73 8538
4134 7382
7066 2540
732 6554
1675 1009
6011 3295
