82
9971 -7670
-7546 4086
3674 471
-6654 -6846
-8940 7845
4569 3880
-6526 8009
-6347 1688
-2793 -3898
-9130 -3172
-4313 -4558
-1724 57
8466 -7539
757 6561
-4330 4340
-2901 -1295
3701 174
-7050 -749
39 -8538
2136 464
1683 -1106
2262 5857
-381 9328
1687 6164
6898 410
-9758 -7258
-2042 -4664
-2437 -8667
1990 -4020
-8115 -8334
-1038 -69
-5947 -8953
2010 -8718
1588 -7631
-2417 1954
8414 6523
4122 -1335
-7449 5393
6100 -2521
-6889 -3857
-5411 -2729
-8110 -7431
-4463 -9147
3605 826
-7815 -5430
3756 8509
2988 5907
5663 4710
-8643 8784
384 -60
-3222 -3179
-570 9697
-1165 -31
3707 -6919
-3212 -6470
7919 1782
-1663 6657
-5199 -5064
-5543 9858
3431 -819
8057 -9108
2997 -5877
-7250 2518
-1036 -2864
8106 -886
6443 -5435
-4567 -7865
7018 5662
7686 8565
5941 -6163
3305 8372
-9522 176
1152 8707
1621 4360
4436 -2920
9576 2472
-1755 520
7739 -835
7094 1332
-8821 -9313
7954 -4976
-4255 2906
