2051
7752 5686
3748 2080
2996 8187
2198 6570
8887 2358
2416 2917
5632 5170
5742 3644
7520 7825
6114 7251
1464 1825
7679 5490
6527 7254
1242 1556
4483 2043
3425 2954
8731 1362
8800 1111
9983 1491
5863 836
3339 4275
7691 8192
7884 3615
5843 2482
9105 6526
6998 4344
2952 2058
3874 624
493 9196
3410 7080
1338 3717
1664 7744
2439 8034
2392 7270
9936 5477
6194 3176
1846 6922
3642 4669
7091 157
3237 113
7775 2423
8020 708
6822 2800
4834 3392
6943 9727
3630 3817
4923 6043
4462 2114
1145 7637
523 9216
1209 2836
57 1830
3512 2508
6304 4714
3417 7802
5684 3064
3669 24
9418 1537
1196 7022
7901 8587
9660 9464
9372 1829
517 981
6884 2173
4686 8285
6745 4640
7543 8124
3012 8955
2934 3751
4838 9733
3534 7227
325 9756
6575 7812
9880 744
893 4032
5433 5364
4553 9076
2817 3884
2407 8533
8602 804
6662 4467
8742 886
8137 8168
3084 1854
2833 7904
6334 4432
7445 6403
9944 1808
5727 2477
7387 8323
5212 9171
3838 7774
2588 1264
1256 7864
4949 8796
6594 1162
9802 3588
6047 5217
843 8944
200 6598
3446 5490
1507 9672
1079 8198
7619 5420
7885 6006
3924 5605
9077 8185
5884 4971
3144 5446
9692 7350
763 5370
2212 9447
6515 4728
2468 1947
5616 9960
9432 721
4101 8429
3780 5306
6392 8887
1577 1661
6410 1188
4086 7328
1060 6765
6656 201
3154 935
8610 4893
6870 3967
1978 2129
1942 4245
7762 5173
4625 8931
5531 3366
6472 9420
8222 8148
691 3484
1231 4086
5062 5737
9807 9004
7011 8889
541 1190
775 7359
5354 4188
594 3586
4917 7099
9011 8243
92 2086
8811 7909
6580 5080
8768 822
1112 3584
3888 6042
9720 9589
1718 1297
7489 230
9685 2
9140 4083
605 8677
8932 7576
6785 4603
946 5609
1044 2464
5208 897
7661 1708
9947 1044
8724 3801
1062 3393
7316 5173
3358 2262
3332 8151
6262 7218
8157 7659
3188 4324
9900 7404
2708 1611
7756 9037
6412 9083
3648 8672
7170 7236
9460 3698
8109 3810
777 3994
3172 4683
1565 858
6909 2862
8120 8307
7310 9052
7811 5997
5830 8865
4192 7576
6314 1959
236 6842
2372 8998
8640 9583
3650 6710
5163 6732
2979 800
5249 6868
4016 4572
6745 4498
3083 7207
7245 1887
7803 6708
3775 7943
98 3871
3201 4470
512 881
2504 9428
431 8211
9939 1121
7732 6294
5339 7664
1377 9728
6970 303
897 6237
6101 2368
7934 5957
4513 4235
1627 5719
1532 7980
6064 7173
1106 7740
8112 7945
4261 9712
1755 6541
8936 9495
2910 6419
6783 4492
2198 5506
3533 5318
6596 3155
267 7941
9405 3082
129 6994
1409 1579
6007 622
1970 6006
7201 4435
5825 9409
8197 5388
3723 8675
7748 5132
6583 9181
479 2524
7989 3558
6130 1210
9042 6799
8036 6296
8387 1817
7762 1978
4471 4486
8729 6584
2820 9473
9200 286
312 7260
6035 8026
8417 4448
8460 4272
7430 9877
2154 2223
3201 9834
5635 7590
1153 5963
1911 5480
8944 9123
2297 383
8178 1657
8710 4026
9179 2114
5277 9894
5156 9682
5685 1684
3849 1822
2563 3002
9177 6497
9321 8824
730 4038
1047 6027
174 770
825 4945
6588 6211
6637 3370
2318 2384
5686 1795
5336 9215
7123 3725
251 6795
587 4650
4356 5785
4706 7212
7937 1709
8894 2174
1353 3991
781 4798
9607 2949
651 6392
9235 5092
183 5365
1388 7270
8872 8950
3278 1819
7347 9173
9606 7256
1636 2926
7209 364
5034 762
1666 7218
9035 1497
4499 9063
5718 2193
7724 6337
8179 1946
2621 3356
9278 1088
9181 1389
8199 2746
8068 5108
138 3348
8767 888
7010 1019
7611 2458
4403 3337
3439 749
39 8007
6701 2287
185 745
622 2460
2914 1587
1858 2832
9271 2136
5063 2837
4468 8653
2759 6800
240 3320
8487 476
3771 2887
6426 3727
4692 5912
2643 3502
2192 1645
4272 5564
9761 6134
8149 565
8278 9069
8559 1137
7540 5178
2046 4494
5222 3709
9686 2024
9275 9457
9165 5771
4505 2125
5574 6499
356 2020
9282 2703
6401 7081
935 4242
4704 5940
9467 3884
5808 9525
7343 1224
8333 9487
2623 5586
6538 5093
4186 6244
2499 2821
3614 5028
8988 532
1277 8017
685 2364
1234 2341
2024 9436
2248 6979
402 5290
3042 574
7828 3532
6584 8691
1554 9885
6387 706
1670 8916
658 9703
3712 6484
3247 5160
510 403
444 1342
1608 7131
679 8615
3067 3368
5499 8258
3648 5026
4358 7573
1753 1826
5261 6840
4380 2213
4568 4526
4376 1515
9115 6539
4546 6199
7021 7165
229 1255
6417 2592
4233 7048
5197 6697
2257 2366
6185 845
862 4308
5649 3095
4349 4598
892 9407
8096 3835
8492 1385
1813 2402
209 8110
333 6980
4590 1688
9848 5732
8836 1959
8224 1461
3726 5995
2168 9871
4104 8239
333 5499
6052 530
2889 5698
5135 1338
9365 1002
4121 5244
9003 6939
4933 240
8877 2037
8766 5256
1985 8861
6368 1086
5971 6335
9776 8981
7363 4793
8914 6581
2194 9262
6426 7857
8804 9422
2447 3336
7036 8373
9856 8681
9952 1828
74 2329
879 6632
8634 518
4214 9209
8911 730
5636 1222
5777 4342
8717 6079
8292 2681
3945 4537
1565 769
5006 5282
235 389
9681 7476
9780 2951
9083 3674
4708 4327
1302 7492
317 9451
3017 5835
5754 5698
2702 9650
2845 3936
6676 6675
1016 4355
3953 4661
943 139
5971 8495
6514 7411
125 9490
9336 7150
3783 1223
2910 1715
7237 6809
5457 7712
7313 7240
2092 4740
89 4988
9118 2450
4937 5101
5426 3750
6893 9741
9433 7377
3218 64
4174 9897
3965 8285
9390 5350
4619 5416
7828 8295
7205 5933
3266 5986
8815 8040
5653 7784
7238 137
7757 5270
408 6799
3189 32
9591 1738
4830 8010
4118 8860
6676 6650
4037 5025
2220 310
6089 6823
4417 2101
5244 1686
5495 8373
7498 8752
7342 1600
3572 1339
2747 6649
240 9670
3283 9967
1329 7735
7800 3304
1907 7413
4566 8677
1970 389
6861 3949
1708 6884
5820 8318
6630 6007
6016 4277
8413 9780
514 1456
1287 9555
2348 4662
9356 6751
9726 9834
1101 4946
8314 7532
1334 9483
5756 2108
5587 9004
43 9448
4499 1862
3887 4740
7723 5410
6975 5509
4591 5104
1138 5143
65 4644
914 871
6746 5544
7386 534
1534 8649
3635 2718
9120 6402
2203 9985
3094 1576
8522 9157
1849 4810
8388 9199
8161 4678
2098 2508
794 8710
4515 1021
5129 117
9782 5983
4343 8104
9372 7010
6937 831
1402 1943
4011 3805
2955 3286
6869 7153
4817 2658
5283 8074
4171 8141
178 104
3746 335
8497 1298
7810 7414
6648 3447
604 3080
5384 6331
430 2535
9228 1157
8230 2822
9230 9720
8752 6426
2881 5219
6889 4109
2902 3316
5158 5166
3550 1430
5745 1252
1147 2665
9268 1993
2824 8418
2754 6253
6838 9066
1380 3532
5602 82
8106 9601
5329 1323
7495 2367
8996 1315
3929 5641
2212 1978
8668 2300
4463 3440
2999 9333
3285 6285
545 5316
1857 3993
4679 7223
4001 1172
3503 9682
3780 84
2488 6367
5792 2513
8947 4800
5341 3044
9480 7841
6935 3272
6958 7299
3714 3977
7122 8388
8177 2821
5340 1640
6165 431
8283 1039
5278 4522
5616 9230
5693 6182
9811 9086
1726 4684
5706 4142
4588 936
2041 5813
9007 2861
9017 5987
7527 9731
1256 6818
6907 3190
5446 5124
2867 7625
8015 3022
1434 1251
1529 8778
9093 6698
7347 705
2528 8755
2511 9774
1009 8068
5589 2726
147 10000
1540 2240
6182 1213
1615 4737
4320 181
2012 8760
499 3290
4336 8999
9793 1654
7232 9061
6852 4313
3191 4975
8629 3563
7807 6288
9180 9432
946 7014
9814 3099
920 6210
4795 2466
3190 3197
6042 1672
2590 3426
4545 8956
371 83
8207 9941
1200 4092
9031 1582
9304 6273
9975 1257
9380 4266
184 5074
5930 379
2376 7594
1853 6947
1646 9644
1699 9333
7575 5163
4080 6755
5414 793
350 1730
4684 330
8810 7820
5538 878
5243 9662
5518 3052
5308 2205
8209 7483
6850 6402
3854 6624
5640 6622
1693 2092
9543 8370
1617 874
3012 1458
7110 3279
5360 7997
2937 1872
6181 2703
6087 2709
9184 2367
379 9353
6199 7743
619 433
4487 37
3600 5676
6905 6204
9053 6447
3844 1455
6324 7772
6612 9293
3129 1141
1476 7264
1242 6154
3300 6446
9109 4161
5050 8162
331 8537
802 3886
5093 8678
580 7882
8000 485
6258 8185
8797 5965
4122 5593
2923 8851
8972 2754
5566 8151
7386 4520
4903 6262
2847 4251
4066 7352
4753 2640
6838 6058
5161 6289
4929 3403
4879 3734
6794 2480
4097 5341
4968 6092
3686 527
1137 6814
5420 5792
2710 9674
3888 6652
2399 3626
4675 2662
7841 347
5699 489
3607 9801
9300 3967
4705 6495
5602 6420
3955 7543
7257 3160
617 8709
7559 9959
232 7481
2529 6220
8492 3098
5150 5201
6063 6092
5587 8429
4925 7977
465 3487
5721 5131
2097 908
4247 9108
6522 7686
2730 7114
8199 4174
7401 8473
368 6190
1065 7173
7667 1495
4651 9323
9657 1982
7555 7292
8081 1500
6563 8393
6353 3355
8606 4803
2912 6457
6569 6361
2146 207
8062 3115
8077 9295
4271 6042
1239 7587
4198 7329
2589 2534
3756 7437
5215 8852
7475 8946
1686 6439
4804 4467
5813 4531
6097 9035
3616 6566
2085 341
4107 3508
7101 1573
7788 4451
5933 5333
7719 528
6071 4315
8118 5535
5745 7404
5885 9585
73 9553
4171 7358
3330 520
3409 6222
4880 9523
4066 5725
6861 7728
5685 2103
1882 3033
3661 4061
2034 9359
8450 6661
4909 8924
1236 2214
6519 5361
7999 4242
1628 4603
1662 5479
1553 4399
4483 7820
7083 3379
8443 6361
1667 6454
4204 6370
757 1756
2851 7702
1873 684
91 8949
6550 4541
7058 2287
2836 8336
8633 2093
1236 3400
4148 2034
3930 7555
6893 4376
8733 5190
3435 6318
2480 9983
5976 7254
2809 3236
5039 8526
9876 8039
6070 3771
9658 323
633 6777
9472 2928
1962 4140
5282 854
6657 7914
4999 2693
6168 9695
4670 6025
8319 2514
1345 9892
8732 1082
1195 6333
8202 8158
4396 3492
4950 940
1184 6574
6589 9064
9693 5124
4468 5552
9873 5922
1568 8329
4218 8798
9352 4843
8899 1855
9355 3783
3687 686
1641 2705
2962 8020
5645 1664
2298 5062
3485 183
2812 3735
6086 799
8867 3181
211 3230
7691 8535
2065 5758
1440 2124
9521 6419
2767 6208
954 5006
454 2116
6684 353
343 1547
1392 7337
8110 8994
4867 3773
7050 2567
3471 8054
3325 5064
111 2107
9083 9086
4359 3337
2712 4829
7324 6847
6899 6523
3811 1236
998 9702
2184 2845
2479 3556
5938 5552
2849 8250
5141 1565
6602 9510
6940 8737
5056 3138
4424 9635
3064 3442
1083 4084
8347 4646
9416 5930
192 6937
7719 9561
4370 8797
4804 7848
8014 58
8868 3124
7640 6439
7004 7260
2314 4859
7924 729
4258 2032
8085 6587
6668 7073
4785 737
4290 2331
8973 8528
1160 2594
1920 1235
1566 6391
328 9939
2441 6635
7904 5805
9350 1552
1291 2811
5181 4095
4644 598
2162 1691
446 7736
4214 6083
1632 801
1042 6051
3702 3915
6071 355
2169 6204
4158 2313
3092 7347
1791 5703
9697 755
9862 3445
5984 5091
267 7
4934 3803
4895 1958
6745 3680
8502 1246
4306 1919
2432 634
4976 9737
4447 4528
7826 7910
9190 9700
5711 8895
7747 3612
5721 7441
8039 296
3340 7373
9026 3657
1714 9380
7535 3500
6644 7067
4167 6386
4756 6864
4875 5910
2736 7722
8418 6531
4983 9126
4930 1616
4809 8751
4820 238
6713 3631
3521 8056
6359 1724
5753 6032
3483 4546
4846 8608
9496 1634
4663 4533
7917 3275
8750 6218
1598 5225
2859 715
148 7265
9549 9078
5876 8832
6221 1758
6786 503
8500 5474
8577 8488
4741 1319
2871 5290
7625 7439
52 7555
269 5664
7831 4814
8042 8013
7252 5672
1020 8699
9485 7551
4905 1495
6851 4121
6305 6767
62 7560
9692 3604
9278 2374
9168 9326
2274 7309
9900 7020
7240 9973
3622 9084
2127 2873
3805 5079
8293 8631
6293 633
8952 374
1541 4318
482 9530
7617 8491
5434 9077
789 3197
5974 8089
5334 9913
8487 8275
4359 6505
2874 6447
1238 6462
6001 9112
5713 241
8200 806
7869 5097
3531 1318
4031 2026
826 7688
6411 6204
2070 531
7873 4772
6749 2659
371 6340
2918 8515
85 2135
2570 3678
7625 4290
2976 2310
3979 313
5815 7786
5944 2600
8361 6154
3175 7268
5219 925
8501 1181
1802 5719
1891 5751
3243 1272
167 4488
2233 2322
1842 9368
6502 8937
7442 9241
8293 6183
7688 1655
464 909
2253 1996
1805 7875
6358 5478
9967 8578
5819 7634
2821 5082
4308 6107
2462 2673
665 1063
472 2196
149 9123
7950 281
1191 4448
9145 8620
4951 1205
619 8875
9050 7794
9768 2198
7196 7967
4671 5827
2641 6651
7502 7452
3092 6465
1443 3730
4202 3369
6018 9196
9679 7610
5441 6078
5004 1236
1713 6497
446 6453
5180 1847
2489 3042
6499 5497
2268 2176
8133 5783
5421 9215
5676 6061
1840 9038
9513 4558
6027 9448
4340 5994
1064 5472
8960 5090
5985 9538
6185 7974
8998 3727
9920 6980
8930 345
7294 2039
6778 8588
7017 8525
1972 4534
9603 3617
1009 2181
955 3912
3845 744
8525 2586
2957 3889
7881 5995
9734 8762
5790 3450
7816 7092
8762 5272
7037 5210
144 910
3080 4908
2437 2377
2375 413
3314 3206
9403 2311
2957 1802
6965 8124
7961 4300
5060 971
208 2452
4802 7516
101 3588
9174 7514
687 5726
4700 5323
9528 6771
6347 571
5611 2311
7815 9822
3799 8660
5641 3596
8860 3578
3840 5180
4115 5760
4844 1264
4835 2270
1687 2783
5513 6794
5251 9653
6250 505
333 2424
8169 5325
4868 4191
5785 4755
3368 6786
5541 2845
8077 9484
5636 3770
7139 7174
7632 7667
559 6479
7015 3268
3727 1429
323 2090
87 1731
1820 3465
2714 3367
3412 6030
6407 6576
7705 5627
869 7766
3844 2007
4121 5182
6648 264
9160 8149
3076 5116
1958 3012
4448 3122
4735 6061
9334 9645
9125 4708
5347 7393
221 9437
5575 7868
7878 7928
14 9497
7383 4655
1568 5179
3823 7107
376 7240
2136 6704
6102 4565
1793 2560
4273 3285
5622 198
7367 4015
6305 1592
8374 895
1570 5390
3103 5420
2731 1873
789 6631
5848 1472
7710 9016
2503 8355
4193 6342
9500 517
7169 6744
2994 9569
604 4893
9133 902
1814 1304
2900 1223
4524 5732
8110 5325
5214 3401
4304 420
6495 2569
8057 4644
3930 854
3056 5928
6670 3408
2839 5099
423 9003
4871 2016
8141 5353
7085 7681
9295 9277
5926 6547
9044 9946
1264 2046
4941 4174
476 5652
4973 4832
1253 407
602 9473
3683 685
7049 4448
9653 470
9186 3295
1839 7443
6200 5151
6063 6718
2955 6721
3215 485
8614 5250
3786 8317
4462 9357
3903 8741
2023 7178
9536 1798
8898 2615
1639 7609
5873 3930
9561 679
3485 5105
2378 1857
5701 8982
6078 9187
5359 4421
7806 9641
909 7864
4784 6535
1759 2457
7321 127
7293 3769
1468 5526
2533 7400
3390 5171
3268 1271
3554 1394
4756 8600
2815 4498
5844 8893
4769 5321
7320 6838
9917 208
8108 2669
7367 827
8384 4453
432 7137
5761 8476
6349 4079
5174 5673
8981 9730
8921 9892
3596 9498
2759 8091
6425 8061
7446 238
3126 8519
8585 745
5310 9006
3550 5926
4532 410
9660 6033
8697 8226
157 7391
5270 9796
7492 9885
2041 266
6045 7942
8222 9750
3059 883
1673 4061
3952 94
5949 3179
9703 7124
2611 9508
5766 6148
9170 8795
4637 297
5151 5867
6955 2819
5828 3410
8822 5455
7216 9546
3841 3243
5922 9215
4373 6873
6562 963
4959 5715
4556 2670
1001 7427
874 6747
3808 4709
167 5722
2511 4599
2443 5102
980 3215
3325 6746
4034 259
6162 2895
7186 7073
992 2692
5511 990
155 4288
2410 4219
9075 4269
9711 6818
8506 2338
5820 32
6156 1482
1547 3940
3700 9979
1660 9810
5839 1845
9402 1138
4962 7848
940 5499
7950 8421
5141 7492
8331 9932
2455 2639
3842 5115
2068 1580
2872 7325
561 6766
7589 1299
8443 2835
6252 3207
2546 817
984 3821
7086 972
5997 9937
4607 2662
4901 8674
4398 6673
7172 7695
2547 1794
6133 4631
340 273
4149 4920
6784 7502
7924 4232
1419 5075
8699 7616
1861 5651
218 3482
7514 7438
5258 8167
8496 2965
6300 6668
3980 6789
2662 4181
3614 9070
5546 6768
4166 9691
1118 8723
2104 5290
7515 5544
2183 9405
2607 1801
7446 109
8265 6226
1059 1571
6542 3002
6504 3301
5060 5651
5913 22
1657 4
5516 4857
6616 6510
327 5129
6158 2399
52 41
9585 6485
1133 2248
8552 1584
1818 5957
5865 275
7827 9928
7695 2115
4475 7302
3073 8007
4908 6075
9053 7282
1511 6883
4084 3915
2134 2335
93 6375
45 7979
8893 7814
7680 4964
5111 2370
7397 5973
1558 2089
2217 6156
7932 3961
3780 345
8434 6193
7768 8741
1062 3937
9256 3549
2428 49
5618 3644
4550 8172
6130 6526
2632 1750
7520 1479
9762 3160
6019 5029
7152 3769
391 4889
254 4607
7929 1151
6978 3651
426 4038
2210 7932
8892 4994
1026 1292
4080 2414
4416 196
9374 972
2458 4493
8795 9852
1930 3218
3600 9400
1383 6404
6769 8899
5183 8089
218 2135
9302 9659
3757 4058
9920 4988
924 5269
8790 8333
5081 1189
3458 3866
6322 8643
8164 5025
5559 8591
5795 7746
9405 9082
6658 1854
9132 3334
1909 2773
6726 5701
1916 7641
6608 6694
3469 3087
3737 1313
977 8292
9504 1303
8933 5536
4188 6242
5410 8138
5364 8808
9617 2486
7584 1430
8831 1790
8286 1889
7434 1039
4370 3776
3546 424
545 6776
2367 1399
4849 5285
9274 1651
3185 58
608 1008
805 9698
1127 8271
1343 6966
593 3736
2892 9086
6085 4529
4817 2000
5838 3221
3437 5453
8748 4472
2996 1152
7084 4057
2441 5619
8820 37
2922 8310
3072 3872
6116 9052
2553 2205
2246 5115
5108 537
2598 9476
764 2910
2556 816
8983 3178
4991 6077
7824 6192
3774 3494
2261 1456
6489 2847
341 208
8310 5030
9728 3189
2247 4754
3204 6786
3094 8436
935 157
4642 6871
3620 844
2021 2329
7177 9009
1488 3250
4025 3078
7974 1308
5283 7057
8584 2871
7925 7171
5707 1003
3288 2447
6330 4942
4320 6321
926 9244
4127 8236
4145 8363
7777 7586
6723 5422
7135 4268
4776 3909
9245 1449
7034 405
1610 6653
8572 957
2202 7796
9907 7193
7718 1284
1663 3755
7456 8431
2399 4161
687 4803
7047 6843
5785 2283
4533 1175
6922 1642
9040 3233
5347 8932
9070 4127
7518 1534
806 954
6635 792
7143 7419
5986 2643
4434 1833
4400 8155
3510 7132
8710 6298
2877 7455
8155 3384
5507 324
6233 4617
6416 493
9386 5793
2077 357
8228 9056
9671 7890
720 2864
5160 638
569 2845
4597 7155
1674 9795
6778 3048
5313 2094
8204 4609
879 1224
7524 9776
1887 2391
2421 7401
5136 7021
5528 7587
3981 5888
5941 2898
9656 2937
7383 7970
1873 2601
3927 1272
3897 6846
2366 9350
3479 71
753 4800
4458 5698
6548 3539
508 6706
9214 2469
288 3532
7420 2666
1694 2865
6073 2212
9736 4172
9683 2813
9086 7600
8300 9354
6392 132
94 3794
406 3349
8320 4251
6160 6954
4670 1852
4894 7853
1825 5406
2613 1803
2095 9723
7018 6045
8508 4176
9978 4033
9163 7098
8857 1222
1196 4648
7914 3916
7371 6965
2879 8561
4559 8144
2421 2859
5593 8655
9743 9473
8981 4848
4588 2987
7872 252
5492 1116
9391 2760
6524 8627
3468 6930
8962 1535
8000 6550
4349 5306
3506 2213
9487 6473
9325 1090
1876 6757
1000 5405
1519 1059
6478 1281
6271 9739
8053 5618
7906 7581
3781 7467
2049 108
5971 7105
5111 3799
3210 713
944 5166
6622 5729
9317 2089
10000 6919
8884 156
9437 6820
1261 8412
3307 4636
9309 9546
210 4027
3412 1948
1170 4647
3310 3534
4731 7117
969 3719
578 4068
5724 3964
9067 7645
952 8939
9469 5136
9168 9887
4055 4898
8605 9209
4980 3011
8861 8805
4337 9704
8865 1655
6059 263
651 7719
3483 1126
746 3217
5676 8076
4693 4114
2001 9703
7235 5446
4311 3781
1247 1114
3907 6368
1550 3921
2240 6091
3931 4737
2989 1378
4160 2760
3984 4753
8938 8801
7315 9604
3414 2044
8853 9987
8965 9296
2650 3020
9746 4156
9695 5300
2753 3002
9635 1868
4506 7046
9441 5454
7566 9924
9705 7368
7704 3278
6399 8322
2889 5476
1867 2816
6962 4498
1797 2847
3628 7050
2777 7535
4051 1721
9822 8592
4646 2422
839 4668
4344 9470
1614 6039
1109 6512
9752 9384
6976 5332
1359 7438
6913 5275
4494 3326
2511 2014
2466 6966
2639 3111
4745 8633
3334 3722
5511 6221
4894 6444
7611 7159
7531 6022
3188 8848
8718 3790
1495 2614
7388 1160
4388 1419
8901 1043
4781 9298
3951 1803
8023 865
508 4327
8163 9020
4415 1766
1969 2851
3620 9138
4995 6146
7098 4358
6664 200
6145 8172
9576 6689
8424 6095
7684 434
6400 3728
7023 1479
5269 3676
2814 6858
70 7514
9965 9796
2008 221
26 4133
1973 5005
4537 6850
8595 2724
9212 631
8622 8110
3210 5548
8645 1873
8273 1849
5580 1377
855 1946
4474 866
4040 7199
4836 1482
335 8415
184 6935
6793 6243
223 4745
3765 3056
2596 5450
882 6307
2549 1421
1524 1341
9507 6589
3911 5866
347 9696
3345 3884
5166 5875
9906 8391
1754 1745
1082 5184
9416 5460
3330 2463
4492 3070
7006 8232
3411 5990
7607 6102
2279 1205
947 7877
9005 3373
7293 4404
8534 6751
1771 3580
4540 4390
6887 8995
9296 2806
7249 9124
2389 770
1048 8267
4831 4941
9916 4152
8038 4851
6152 1901
9346 2336
6576 8268
20 1673
5865 1503
2492 3273
7534 8741
3207 5905
6812 1674
6076 5841
9345 7502
4100 591
970 1733
1039 2131
4539 7137
9275 1865
8729 5221
7173 7674
2934 4267
3834 2296
6718 9159
1057 7871
6892 5400
3759 6987
5651 4090
8326 900
6175 9699
3040 1245
2157 3202
5275 3525
4791 5194
2058 3840
5122 6751
6264 2759
4644 5885
3126 4171
7553 8231
461 6663
2 332
2580 1544
1442 6302
6191 3659
5348 2825
2506 285
4663 4859
2626 7736
2927 9565
1418 3863
225 1321
6159 8660
453 8580
7041 5824
4423 5274
6836 8503
2910 2979
525 1007
980 294
5874 8305
8112 6119
5112 6850
7943 7835
7492 7013
8864 5763
5850 2093
4827 1080
9408 4377
726 8213
9595 6539
7186 5810
2942 7996
2674 5987
7358 4185
9697 527
9069 3451
8685 742
5611 929
3007 127
1563 7880
7200 97
2706 4619
2190 2180
9737 4061
6286 7224
3421 8811
6831 8228
2804 5100
827 9131
5565 5403
67 303
3026 4178
7016 9065
9246 9591
4084 8390
2337 7798
296 6181
8789 5610
2044 811
881 9695
802 4188
8852 9546
2762 9620
6894 4953
3968 6104
354 1918
5930 3597
6328 7973
4632 8802
278 6125
2397 5436
4247 9222
3976 4366
2923 9634
8562 4484
6575 4940
9719 579
258 99
6332 8126
5002 8439
9123 7089
7504 7619
8917 7906
9488 803
7843 405
1437 1997
5972 1053
3785 7333
6314 9092
7997 2183
5558 5347
8697 7719
9349 4219
4521 8912
6219 7273
2688 5866
7074 5856
5444 3796
4326 8548
4770 5463
8101 9811
9992 4693
4954 8985
8216 1359
597 2086
1232 13
4233 7911
8418 8306
6018 5944
8371 7536
5658 9578
7905 757
6264 7923
429 248
7737 5446
6343 3813
5240 9681
6324 2347
3794 647
3501 6110
5100 8652
9902 9626
1479 9745
1970 688
3300 228
8751 377
235 5222
5224 2891
