6907
410 -4049
7961 5277
-1238 2164
7353 7606
3159 437
-5976 756
-7066 6119
-1752 8385
4989 4663
-8354 -2983
9672 7912
8180 7137
8146 -679
-3450 -9890
-3540 -1138
-3614 -5339
-9609 7116
9315 9138
-774 9620
-841 7639
6766 -3024
6838 -2282
-3314 -8104
-6756 1605
-5982 2256
9091 -1463
-222 4966
6904 7560
4326 3375
304 -502
9234 -8096
-5962 3768
-6793 5630
-3403 5641
9151 2321
7972 -9550
-1680 9483
2318 -6995
-4340 2478
-4827 -8707
-2247 8731
-7660 9194
-9863 5364
-4372 29
-5534 3674
6384 6141
-9819 8508
-3652 -3245
-6509 -4154
4318 -3957
9345 5884
1311 4502
5362 9029
1332 1445
-3069 -9190
-9030 8699
-4097 706
-7693 -6986
1434 -7564
-8643 5579
2000 676
-1380 5168
2993 9528
-8632 -6911
116 6467
-4938 6495
6624 -8728
2843 9356
2744 9289
7210 821
5336 -9261
3215 -1517
9623 -9849
1552 -1548
4633 -584
-5645 -3424
1928 2824
4689 -9107
888 4825
-1881 -6741
953 8553
2071 -6238
4711 -5375
-3835 -3975
-4443 1737
-2009 470
-8432 -1668
-24 3077
2549 8296
3567 383
7617 4015
1333 4430
1101 -1830
3616 -1030
-3715 9270
-7033 5954
9545 213
-623 -1468
-8971 4169
-357 -6261
7765 9782
5015 -3185
-264 -743
-6783 9648
-5155 -3551
1674 -1615
7596 350
-9060 -2358
-474 7800
-1834 -8557
-6005 4749
4530 -7485
-4096 -4992
-5806 -9339
7305 1793
5104 -746
-4009 -7130
-3452 -1775
2598 733
7945 9287
-6105 8030
8026 -6691
-1734 4918
4988 -2695
8527 -7851
-8462 3630
5202 -9689
-6061 6005
3722 4872
-5561 -9100
-4609 999
6495 410
-4477 -9730
-273 7193
829 8478
-2450 -8036
4957 6205
9078 -7159
3837 5109
-3658 5161
3146 -5617
-8680 -802
-3041 -652
-4266 -7338
6530 -5451
3477 -5391
5167 8490
9939 4769
-7413 7444
-764 2525
-3986 4823
7432 -6239
3518 -1883
-9687 3366
4084 1865
6282 -1980
-8579 -5678
6571 9535
2778 -4203
-7675 7552
-8450 -6881
7747 -4678
-406 1124
1240 -9514
6544 8098
-9015 5799
-1651 8979
7192 412
9617 2168
-7765 9848
-7719 -2983
-1126 -456
-5538 9138
188 -1394
-9379 -2585
-7609 -5085
-8682 -7771
-622 -3141
8079 278
-442 445
-3335 -3971
2386 -3139
-907 8172
-1747 5847
-6187 -7240
3621 -5562
6208 -8674
2376 -9023
1030 -4658
7393 -7356
-8776 -3482
-1133 -1028
2528 8692
2126 787
-3524 -7983
4638 -8095
-2503 -7918
4547 6771
-2597 7104
9403 -1575
-9219 5174
3588 -4557
2544 -2798
-9943 -5182
-1296 2241
-4173 -1350
4756 -6376
-8941 3275
3839 -2887
2110 594
8800 -1462
-3751 8578
8443 -5397
-5869 5484
8162 3096
-8956 459
4650 4976
-1012 9258
8204 -4840
-8947 8535
-4404 5975
-2325 -8038
-5432 4371
-3764 2142
5630 -3113
3629 2218
5418 252
8323 -6279
-9297 -468
5656 5884
6548 -5936
-224 7010
2763 -3239
699 4877
-3108 3718
-4138 7165
-658 -3271
9465 -287
-9796 5933
8033 9853
-3897 -2551
2533 -5670
-4445 7935
-6604 -3901
1542 -8770
-7552 9721
7047 -9961
-6927 -8609
-3892 7425
6940 2593
5487 -6884
-786 3779
-8044 -1845
-9836 54
-4754 -2784
8197 809
3601 7371
-3301 -8829
-2041 -9950
647 2231
-7494 -9461
5275 2514
-4322 -808
7570 10
2216 4276
377 4628
1842 -6113
-5126 -9666
-7423 199
-1546 2289
1341 161
4806 -2093
52 8035
-5324 5588
-3102 3519
822 9065
591 -7183
7354 486
5509 8022
-6415 2803
3970 3007
9973 1801
9316 4646
8788 6364
9140 -3318
2720 8809
7401 82
504 4223
-8861 -1076
-6030 -751
-3567 -8053
-1753 -8875
-3840 5543
1836 -2042
-6253 -858
-1105 5974
-2152 -2341
-1582 8221
4705 -1656
517 -1959
-2046 -1658
-7734 -3894
-2736 -7292
-537 563
-2462 7614
-8729 -3166
776 9978
221 835
7113 -479
-6930 4389
7161 6407
1540 -3346
-7891 9518
-7309 9520
-2651 -3095
-7167 6575
-4111 -4999
-466 1600
1635 -16
-9141 -6899
-5433 6763
-4407 4776
-378 -9081
9690 853
3377 6857
7648 -6538
-560 8337
6834 -4527
7749 -8441
4669 -4691
7042 -637
6072 -5434
7233 1550
8728 5715
5526 7437
1449 -6101
838 259
-6615 2492
8022 -8755
2926 -390
2577 8796
-1087 -2442
1146 8475
6642 -3866
8451 -2898
577 -8086
-8996 -6291
-1218 4160
-7417 8324
-9316 8736
7026 402
-3371 -9626
-3738 8017
704 6249
-315 7674
9566 -4315
897 7226
547 -3744
9348 9009
5268 -4737
-4101 97
8992 6806
5822 -2228
-633 -7066
-9110 -4745
2526 6632
8226 -2381
-1917 -2458
7284 7287
7454 -9066
5078 3659
4783 7965
9355 -8564
3974 2758
7809 -2907
7332 5050
-5837 -6614
-2091 -4822
-9532 4585
9662 -9693
7487 -1146
-8653 -4581
216 1259
1571 194
4063 3371
-713 7265
9637 4243
-5193 -6397
6101 2385
-3772 -4391
5735 -7
-6551 9731
-796 3165
-3199 -6602
6978 2040
-9510 -5912
541 2243
-988 8839
7699 3984
8412 9609
-5048 5684
7008 3353
8103 2451
-6446 -1071
2384 9399
2845 7176
3214 -8463
7299 9430
566 -6338
7074 836
-4902 -5303
-9445 6798
-6394 -8644
4115 -1043
-9780 -1823
7304 9706
6431 4720
-2925 -6360
3068 -6551
-831 -2635
-6836 -4998
7975 904
2523 5571
-8159 -2471
8237 -9647
4862 5198
1334 -1030
8618 -931
-9935 -8365
2562 -6907
4389 1025
-667 1025
7468 -3088
-2985 3667
6763 -1622
-3057 -2506
345 -472
-9497 -9563
2785 -2280
-2574 -7341
1603 -5808
5305 -691
-4082 -4708
-9027 -357
-2574 4487
-9079 9170
-6414 4695
7627 -2285
9350 -61
2944 -4245
4662 -8171
2777 2109
9168 -7135
-6278 -6745
-3026 8690
1213 3959
4863 -3481
5710 6533
5909 -3668
-1443 7701
6243 -9874
-9697 4194
-9837 8873
2638 -5871
5490 9063
-8626 5684
-8826 6335
-2431 -9123
-8498 -423
9157 -6561
-2245 4615
5481 3238
-7859 4701
-647 9473
9558 -5336
-3990 10000
-5379 4239
4026 1963
-2641 3267
9367 -4206
9218 4286
5510 -7569
-1717 9840
4621 6034
5412 2582
4639 -8771
-4180 6681
2905 -149
8082 4964
4925 370
2041 -4365
8866 -800
-1701 -8372
5726 -1381
-1797 3680
2224 -5485
8089 4355
-2615 8829
-3443 3454
-9865 -1047
5782 -4975
-8981 -2398
3971 -4112
1524 9455
-8535 -1824
-1946 8305
-5991 -7404
-6597 461
2831 5384
-1783 -9425
2987 4444
2454 6510
-9069 4502
-2144 -6432
-6389 3635
825 -1818
888 -3717
-52 -8039
-5249 928
-6677 1823
7614 6377
-8301 -3253
2617 -8918
9945 9317
-8066 -7813
-8804 1505
2223 -5119
7247 -3735
9025 -3438
7126 -8070
-1863 -3976
-443 -9240
-3200 -8586
-5710 -3086
1279 5376
-2246 -1687
-9352 -5198
9056 3879
-3101 7950
-7368 -7601
-7463 -9477
154 9926
-2403 2451
4656 -5964
-9193 9067
-3489 7331
5797 -2841
1935 -4858
-5727 -5208
-3035 -2202
3104 -6169
-5836 398
6385 7478
4480 -9668
3257 -7642
-9166 6768
3675 -5874
5433 5587
-652 6837
-9522 -8074
-3765 -4272
-7380 2559
2266 2272
1511 8956
4424 -3146
1244 5530
-6824 3523
5908 6147
-8099 2394
809 7587
9813 6721
6493 -6715
5757 -8706
6169 -4027
-8555 8143
-3124 2282
-1318 -8521
4724 -62
6293 -613
-5740 -6449
8735 -2019
-5295 -2604
5495 -2079
-1058 2468
2914 6783
-1580 -6347
-2004 3784
-7974 -6469
-6417 -6054
2552 8754
-9787 2154
-3273 7355
-8083 -9203
-3803 1765
1070 5558
-1200 -5616
-3566 8021
2304 8750
8925 7835
127 -8590
1745 9506
-5725 5669
-1790 -5403
82 -9491
377 9241
3150 -4489
1212 -523
-4060 5302
-373 9134
-2267 -1458
8929 -4560
308 4148
-660 -7805
6357 6020
-843 7561
-1310 1975
1882 -2284
-6519 -1493
-6460 -2452
-163 -5805
-1080 3488
-2906 -8953
-6422 8721
8957 -5459
1426 -9784
9364 -733
-7053 -1579
-6418 -4032
2705 5894
8523 -905
-4417 8608
5327 5598
2157 -1271
1573 321
-8833 -6218
2287 -475
7906 7266
2827 -5437
2013 7375
593 -9437
938 8521
-7332 4145
9175 -4923
-2808 6813
3555 9033
2931 -3293
-461 -4564
1206 5840
-1837 7316
9010 -4663
7977 -5330
3677 -8024
5548 -351
-7748 -8266
5167 -9005
6045 4834
-169 -2925
9164 8307
4644 952
3585 -7939
8769 -728
-4263 -6015
-7281 -3686
5205 -4903
5370 5171
-720 -9673
-8008 -3337
6256 -6406
-4940 502
-8388 6181
5887 5922
2361 -1137
7372 -8468
8406 -2657
6128 1849
-2590 -7918
5021 -9497
-6877 -8532
8456 4275
-4020 6437
-3451 -4755
3585 7363
-6993 1142
-3496 6395
7908 -2819
-433 3003
9757 -8783
-9690 -1128
-5787 -2037
-5621 5429
-5064 -712
6806 505
8352 -6182
1049 4594
-4071 -4011
-81 -650
-6618 -4597
2023 -4322
-9235 -6693
-7721 -3163
-5433 1375
-9576 1392
-9996 -3686
7801 -5931
-7816 -7216
-2081 6457
8455 -4426
8373 -1802
6888 -642
-5706 419
-9863 7508
-3595 9876
-5562 2807
-3717 2976
-3898 8064
-2092 3878
-5489 8995
6099 4957
-7592 218
980 9187
3516 9050
4918 727
-4070 699
136 -1612
4493 -4703
7209 -9040
9401 -1398
4735 -9406
-5230 -6262
-4424 -5462
567 4243
7703 3543
-9735 2442
6321 3668
3458 1007
-9312 5964
-5481 -9257
9029 -7692
-7810 2952
2664 -4571
-9590 3600
5222 -9215
-3253 7374
5487 -9993
9800 -2908
2597 -379
6369 -4760
-7310 3963
3594 4528
7590 -2666
9112 809
-9202 822
-4849 -7515
8349 -9961
-1453 -4475
-4135 8972
2202 317
6957 6343
-7652 -9260
-6367 5704
-5388 -1379
4204 2680
-4528 -1128
7915 -342
7601 -249
7871 -7780
-5106 -9352
-5203 -6217
-3985 4674
-6503 -6915
-9286 1232
-5036 3208
-6902 -4188
-3622 -9753
-5009 -1254
-5413 -9641
1157 5519
1890 -4686
-1662 -7489
4614 8472
-9519 8315
-2949 7852
5331 -5683
-7830 580
4091 4883
1602 -9320
9084 -4962
-8648 -4849
-297 -9878
8130 -1562
4473 -4162
1973 6317
-5231 7761
-7288 -4605
-1835 5600
8442 3319
8591 5984
9151 4567
-9355 -6033
-6917 -3264
154 9096
-3442 -6674
-643 -9725
-5475 6548
-3891 -8882
-7178 -4411
-9908 7777
-829 7201
-1773 -2437
-8779 7349
-1540 -1230
1177 6834
-5979 -3611
-656 -4025
3884 -7228
-5766 4061
-3097 -4278
-7045 -7532
-693 -7998
-7453 -9430
9257 2434
-5719 3583
-6755 -8361
-8390 -3948
2463 8069
9617 -3482
-2344 3934
1971 133
-6474 7447
465 -2472
6661 4525
-3662 778
-7497 7049
-2924 -5249
-9354 -7893
5487 -7742
3049 1553
1628 -6018
-7025 6512
-8924 -8902
1005 -7212
3348 9489
-4368 4007
-8464 -3028
-3108 -6863
3648 9367
8274 -5106
6470 -7636
-3770 3312
776 8646
1812 -685
-4869 5319
-6880 -4633
-3124 -1238
9157 -95
5365 -8489
3308 8438
-8125 1713
-3667 -6043
5923 -2371
-6406 -6032
-9862 6042
4414 -2339
3633 2754
-6058 8721
8883 5180
356 -8479
2803 1956
2893 -5467
2830 -2192
-5683 6598
6492 378
1290 -8307
9606 -1847
1126 3335
-5011 7864
2306 840
4225 5695
-6948 -3391
8247 -8786
7980 9388
5498 5188
7593 5432
2685 970
-7314 -6552
7427 7642
-3960 -7547
-2178 -7163
5923 -9848
-9725 3250
6045 834
5219 -4585
74 1202
9643 -7755
-3739 2963
7310 -3342
4014 -7197
-3740 -5286
-4073 -2924
9115 -8910
-6417 -4144
4146 -2201
-6375 7534
-171 -9220
-7263 6671
8403 4668
-5228 -1449
935 4025
5373 -5753
-5464 -4463
5703 8937
2013 3545
-8384 2842
-4906 4783
6284 4661
-2678 -9667
1098 -5967
-1368 7831
-9073 6560
-2922 9011
4006 -8170
-6065 344
-9638 1648
-739 -7896
-35 -8775
-1852 6267
7960 -3286
-2840 7300
9608 4049
991 -6281
6925 4485
790 2413
8939 -5638
2391 1608
-4630 -893
-3217 -8335
7184 2883
-2476 -6260
-7096 -408
-8221 -2047
-8054 -4556
-2853 6634
-4534 -361
-3065 -7620
-5357 -4256
8478 6538
-3909 -3694
9681 6748
8712 -1723
-500 -8798
-7122 9890
5099 -4451
-2686 -5978
3593 -2230
2339 -6919
4955 -4724
-3125 2520
-7359 -1758
-2003 -9307
157 -6611
-7595 5346
5284 1213
-4784 -1471
2315 -4057
-2657 3172
2605 4888
-5153 1502
7907 3108
-9355 7771
4217 -4410
-3280 -2687
-4560 9647
-1976 -1672
6924 -146
-3976 -3827
20 -1738
-798 9341
-9827 -5534
3257 5035
-3831 -7243
-2457 -4823
-4231 -8316
-335 -9992
-3062 4902
7499 9426
-7890 -1482
1575 817
1984 -8533
-4343 7292
-8550 4006
-9885 -4301
3070 -7046
1888 5135
1552 2764
-5762 6656
-7336 -1631
-6448 7531
1924 -1058
1085 -4471
-1415 -2271
2426 907
2662 5391
-2935 -293
6813 -3589
643 5040
-8602 8690
2939 -1587
7652 6458
-1329 -7495
4744 -6638
2470 -9372
-5171 2963
-2277 3749
5111 -3960
2506 -7431
-3125 -120
-1689 5288
-6404 9096
7932 2778
4737 3266
-7876 6637
-5089 3046
2048 -811
-2723 -4034
-4920 2644
3736 9668
-1770 -3819
8165 2052
9587 -5762
8585 8484
8725 241
-9151 7821
4613 -3613
211 -9254
8633 142
-9491 -1418
7698 -7452
-6234 -4875
-3849 -4537
-3056 -5360
-6286 -1706
443 2798
2223 39
-4493 -3668
-5721 1264
-7887 6266
-6241 5814
722 7828
-9072 -8310
-2143 2785
-6605 -8206
8354 121
8893 534
6574 2178
-7588 -5183
5282 -8388
-1531 1820
9654 -3271
-9136 2708
7037 4954
7944 -1123
-8762 1363
-9915 6330
-4977 -4314
4945 5127
410 4740
1914 8752
9321 7978
-6151 6995
3285 -6687
-542 9917
7229 -5441
-1698 -1856
7825 -6783
-5666 -4512
-2779 6329
7795 -3523
-3745 14
6281 -7428
9421 6483
-5153 4908
3994 -2876
622 -2038
-7166 -6823
-1255 -1580
-6262 319
874 6754
2394 2064
5607 -3947
-3514 6229
9058 1690
-9486 4484
-7262 6225
-8745 2788
-794 8366
8891 6732
4541 -4200
-3625 5819
-9429 -7136
8123 3246
4875 -1045
-5584 731
2664 9153
2490 -1565
-5705 7634
-2786 7689
-2019 9642
-3995 -2542
-5885 5020
835 2629
-3700 -3603
-8818 4037
339 -6935
-6837 -7061
-3335 -3800
8808 -8103
245 -2642
-203 1318
-268 630
5596 13
3102 -3805
1012 -9180
-3141 5781
-5184 1011
196 1766
7624 -3070
-6252 -5028
8172 1666
-7905 9929
-7403 -8459
-5421 -200
-5747 -1941
3707 -6447
-1784 9335
8190 5415
-1894 8486
3561 4377
7939 -2386
-1047 -2417
6947 -6099
3900 -9338
-9195 -8721
-6549 2148
-5578 -2477
-1566 2637
1305 -8962
3886 -9260
2214 1187
1664 4693
5607 1496
5327 173
-3423 592
9101 55
-5223 -3433
3690 -1021
-7097 185
602 -7449
-1785 -3837
-5406 2146
-227 -6397
-3931 -8398
6994 7489
-4732 -123
27 -5000
2487 868
-9682 6755
-9207 2910
2798 8171
2748 7285
753 -1304
-3432 -7619
4372 -6584
-1192 -4770
-5658 3570
-8164 9351
201 -3417
-4633 659
-6693 -8288
5699 8447
-1096 4550
-6538 -1097
-6216 -6270
-9226 -4597
6076 322
-9129 -4001
-5252 4516
681 8555
-4370 2846
-4624 279
-6326 2531
6241 -2697
1249 9452
485 907
8051 215
-2821 4385
2851 -5629
6442 -3543
8542 4343
-9231 4350
-9038 9194
1690 -7622
934 9369
-2278 -9801
-7623 -1433
2837 -1037
-8508 5683
3234 3395
-1413 -6439
9138 -3488
-438 -6319
-7163 9718
-9117 -1978
-5285 1781
9351 5641
4790 42
5202 -9430
-7309 8290
-6512 -5542
7309 -4385
-6802 6053
8835 4847
-7802 8163
-6086 -6750
4784 -8702
7035 4456
3068 -4234
-668 7980
9591 203
-8603 409
-4140 -2579
8598 -9731
8303 744
-4428 -879
-4025 -223
7046 4779
8255 -7377
4872 1016
8206 7486
-617 -5682
-7694 9503
-6260 4750
-3921 -7652
2640 -3056
8843 -4994
6563 4261
8795 -2653
5463 5355
3071 7309
-1172 2321
-5794 -1284
829 2177
-6347 -6542
-6343 -8362
-6064 9975
7160 9285
6704 -9375
-9244 -8058
-7527 7000
2389 -9087
3649 -4209
5157 -3349
-2738 -762
6092 -617
-9459 -5482
2155 -2076
-2721 -1440
2948 1076
9298 -6477
4425 -7687
7435 4447
-2891 -2077
-6822 -5274
6683 8530
1787 -9490
-1396 8703
-4373 4936
5801 1644
-6544 -9355
2472 2851
3678 7791
7955 -6989
-4520 -6445
-3613 2764
-8396 -9304
5491 -376
2975 8163
7265 -3034
-3089 3901
8817 -1627
-7491 -7835
-8726 451
3185 -9472
6008 4875
8566 8258
9820 -7350
3496 -6570
-4664 1385
-3567 -3827
-8925 -4518
-9021 3162
2237 2424
-6973 6903
-6571 8711
-9442 3813
631 9577
-8585 4241
7286 -1907
2166 -1217
9685 9038
6189 9210
-4793 9044
2363 3959
-37 3023
7408 -3301
8205 -2869
8510 -7535
69 -4965
-6102 -1476
7706 -9771
-5755 2955
-892 6940
8053 -4343
8251 -6831
-5811 -7311
4722 -71
-9702 1329
1633 9608
7335 -1009
9122 -190
-4063 4745
1768 -7199
6078 -591
-4485 7186
5180 3947
-5054 8726
6279 -6890
6885 1086
-3754 2741
-3603 2760
4074 2273
-375 -3780
-1988 -9882
5913 -4174
4069 -9812
6762 5967
-7874 -4169
-4298 243
9190 -3431
-3851 -1846
7986 3273
-5768 -1110
3123 -8958
6708 -2510
265 -3311
-3282 3209
-8349 -9961
1681 -2667
-3634 6270
6242 5472
9317 2589
1712 8361
4967 -6500
1079 -9222
-956 -8660
439 -3233
-2968 3951
-4304 2012
9875 3320
5644 -8107
-406 -4472
1619 -4924
6125 -650
-3868 -708
-7913 -8428
2563 2749
-983 -8642
-5765 -5733
9865 910
957 -6311
9158 -4614
2024 5393
2273 -5738
-2317 2042
-2505 -9652
-3426 -3109
-3825 -3082
9566 -4835
434 -7968
8691 5897
-4372 6374
6949 9326
2176 -2636
6771 5888
9933 -3904
-6319 -3518
6314 2156
-2053 6452
-799 -6738
-5599 1741
-2740 -2958
-2529 -5491
4583 -6111
-4951 2316
-6326 -2512
3771 -5536
9401 5912
5152 -2174
4475 -6903
9689 372
9330 7009
7517 5051
-7522 -2750
3729 2467
-4543 -7477
3009 -985
-320 -9667
-2340 -7718
2021 461
-571 -1077
-4488 7420
-8420 928
-4974 -5985
1091 -5439
67 -5658
-9233 -2037
-5903 -9971
-881 8249
6666 -8513
5658 1456
2305 -959
3897 -3663
9434 -2991
2598 -3667
-2129 -862
-8914 -9795
-8107 -8189
-5528 -7273
2129 1605
-1546 2907
-8802 -3633
-9600 7736
-5284 7872
1479 0
-4909 8650
-5587 7083
-7895 -9203
-3712 8620
4024 -6983
3793 6545
-3189 -6715
316 2188
5984 2005
4143 -6582
-6173 6767
1550 2937
-8488 4186
2466 3499
-1356 -9448
377 7985
-7515 -1898
8318 1064
-5470 7365
-1875 -716
-2253 -6081
9531 3863
-3937 -9858
9780 -4583
-1864 -255
-667 3291
7436 1229
50 -8409
-4903 1862
299 -4850
-238 1337
6827 -574
-1527 -4771
4496 3826
2367 7484
-2172 6630
4007 3269
9863 1394
-1155 -4067
3764 -9989
8359 -2152
7958 5463
9099 8126
3364 -5774
-1655 6675
-1206 -1773
-306 -6450
-4741 -6981
-2842 4562
9056 7701
-748 -4365
1218 -3761
-1753 8068
-6518 6720
-6392 6214
-9665 -1529
7017 7426
-3992 -8939
-3346 -2713
3087 6826
8880 2976
-8320 -9739
-7333 -8686
-213 9839
-7532 -4935
2647 4947
-1653 5294
-4750 -3110
-2559 4865
-5991 1079
1981 85
-7213 31
1059 8838
3455 8107
3881 -4224
-6580 -4735
4773 -3209
-8399 6629
-3860 4224
2199 7111
-1424 3266
-8957 453
-9005 -2016
-5362 3869
-7418 4148
-6804 -4555
6573 -8421
-5384 -7374
8709 1765
3151 9765
2520 -4746
147 -8246
9142 2849
8132 -1686
9580 4091
-9472 3927
6924 8990
-316 5262
1646 4197
3489 -4957
-503 -3312
-776 -43
9016 3250
5509 9800
-2253 -7175
-1271 -366
-1695 -8097
-534 -7264
-9103 7144
6426 2432
-2069 9943
5815 4777
8074 -2839
-8446 5928
9741 -7389
9089 2670
-38 5183
5331 -9564
7887 3867
-7705 -3541
8810 -220
6850 3027
-8162 -8091
7923 5885
5202 -2196
-3342 -6189
6926 9242
5001 79
-6016 -1376
2965 1540
-3205 -7291
-6382 -743
-1333 8107
-6199 9116
3752 783
3395 -9610
-604 972
-3480 -3808
8358 4351
-1 -6187
-3463 490
-3155 538
-6844 3693
581 2136
-6790 4317
8391 91
-1830 -1044
-658 -5357
-1365 7164
9390 -8885
6862 -7758
7674 -7114
8217 -7568
9000 -8215
-783 9583
-4564 -3431
-7538 8310
-4910 -280
-7946 -1904
3633 714
-7501 1281
9542 9023
321 -8938
-2427 -6817
-714 -2871
-3534 -6725
-1620 6387
4055 -9455
-8927 3641
7508 -5176
-3530 3725
7626 1978
-7243 4423
-5640 4410
-970 1676
-9375 3830
695 1135
-6707 -443
-1730 -7839
-6653 -1658
-8450 -4136
7267 -821
-4047 -565
-7870 369
8598 1260
-5603 4138
747 334
2657 2076
4019 7885
7576 7332
6656 -720
7060 -6278
5297 5744
-9656 -8134
-9161 -9468
-9521 -7515
-2868 634
-6576 4379
2799 -5669
9773 6214
1398 4635
3461 3422
2603 1477
5508 -1528
9406 -8026
-3446 -7471
2828 9828
-7510 -8656
2987 9293
8133 -9991
-8433 8860
7741 4994
-6829 7285
-7231 -8933
698 -6501
2237 -4788
7021 -9896
-7849 8169
-7220 -2679
6361 5927
-1029 7189
-4521 -666
6661 1559
1643 -642
-5462 2213
2458 -9528
3165 6721
5004 -2427
-2719 7810
1944 7987
-1860 7914
9311 -8212
8897 -7609
-4891 -2996
6284 -1227
-3680 -7871
1878 5011
7863 -4799
6572 -1743
-3023 6159
2322 -8764
6433 2363
-9915 893
-2380 -9777
-145 3010
-1709 -1807
4265 -8719
-6500 -4729
-4856 4610
-1157 5023
-187 -4472
-5645 -6028
-8059 2734
-7776 -2723
-5330 4887
-7297 5687
-570 934
3048 9325
-709 5043
-1993 -4853
6004 -1662
-9903 -8857
-657 -70
2927 -464
-2425 -898
-5190 -641
344 -2233
-1818 8036
8712 -8823
4256 6194
9009 -775
5107 -6739
-5866 -811
-1850 -4030
-963 -9709
-4949 5038
-4090 2112
5060 -1520
-3077 -7437
5720 -3674
-2363 5737
1769 -1548
-1734 -4697
-7496 -6663
3804 -6521
7389 -4370
6735 2856
1867 6833
-251 1775
-7767 -4202
-4137 8836
-1411 9648
2448 -656
-3637 -8470
-3586 -748
-2780 4199
-3065 6423
-2424 1582
-9650 3339
-3075 3644
1748 9351
2193 9661
4514 1950
5205 9947
-4688 7447
6059 -9693
2057 8774
-4765 -3818
-9025 8265
2918 1659
-7277 146
4542 3995
128 -6379
-4535 -5415
1957 -1805
-941 -2116
2936 3363
56 -6852
-3686 -8455
-30 -7398
6871 -3758
7808 3694
7822 -2914
-9734 -4621
409 4400
6747 -4465
-9990 -5196
8168 -7201
4206 669
3738 -2696
-5652 -8607
-6791 -7590
225 -2339
-7079 -9528
-7503 6046
8113 -803
-4306 -1788
8114 -6424
-5654 1619
2105 -1807
6788 3613
1964 5023
-3857 1000
2248 1880
-1484 1522
-4395 -1981
-1540 4179
9295 -5157
5583 5475
-7070 1773
-1120 1516
-4873 9346
-7784 7076
6921 437
5218 9322
-1696 6454
-4758 7945
-4063 -5644
8090 829
8186 3557
-8343 -7920
-37 -3804
-5151 5711
-4334 3593
1727 2004
7615 -2583
-3803 6072
8774 -1765
-9080 -9093
-5538 -9180
-6657 -6003
5964 -7035
-5038 -789
7772 1410
-2860 -2668
8221 -506
-7628 337
-8278 3033
-7695 510
9523 -5140
4815 -5048
-7665 3929
944 -2871
9575 4110
812 -42
645 2912
4887 -7980
-7956 -9061
7449 2347
-8553 7643
3782 724
3295 4930
-5765 2977
-2147 -3353
-8186 4396
6469 811
6536 -4099
1023 4860
-8422 -9645
-7493 -8444
-6923 4332
-4974 -8872
7739 7968
-9949 -9216
2684 -5341
8530 -726
7840 4695
6021 -8256
-1195 -8604
4920 6746
-4194 -3566
-3040 7165
56 5780
3686 3204
-6810 9632
1271 -1157
-8862 4588
2460 -8388
-9907 -4683
337 8336
8095 6502
-7642 9926
-543 -9384
-7047 4521
558 -1495
5983 4312
-9869 2344
7110 5004
-6633 -172
-7534 -6937
7177 -6198
-8022 -335
-9788 8217
-4423 9280
4356 -9658
-7986 9428
2285 -3713
-6201 -6227
-6008 -6877
-1278 -2999
-727 -7483
2820 5404
3883 -7176
-8348 5549
-9324 7833
-4925 85
3055 1207
7818 2242
-7526 -4682
5501 -3378
-9106 6706
5379 -7072
-1524 4389
-1826 6294
-7927 -5489
-7696 8831
2044 -612
8208 9501
5060 -4207
6303 48
-714 -5032
4429 5736
2411 3629
7435 509
-4105 -7496
2235 420
7296 -758
-5965 -3606
-4279 8061
-5672 2240
9890 7121
-7402 7067
650 -6078
7089 -3824
-5043 1149
-1320 -3192
2483 6248
-9278 -9492
-5646 -5174
-8163 8003
1198 -8625
7119 390
-7049 6390
5731 -5716
-6779 -9056
-9756 4372
-7192 -5172
6431 -4208
-5812 -2341
6085 9438
1687 5030
6146 -2025
-2092 4584
9093 -5072
123 -6490
5558 -6015
6666 3314
9962 -245
9990 -2973
-3537 9298
5458 3569
-969 271
-7869 3843
-1120 2353
-7535 9854
-4578 8037
1912 -4301
7299 -7381
1354 1052
-2055 5546
828 -5039
-2177 -6798
-7863 6368
7910 8266
-5039 -3435
-6096 -4421
-5914 3078
-8159 4511
4272 5281
9080 2221
6074 7762
3872 -8241
-4316 -1500
3049 1945
1030 -6415
9090 9106
-1579 9333
571 -40
-3228 9608
7796 -3127
-5014 -8490
-9180 2802
-164 -2972
-5936 1900
2164 -460
-1554 -4445
2764 -8372
572 -2849
-5695 -3502
4285 1353
1987 968
-4521 5425
-9376 -3081
-2775 -4148
-8175 1143
7742 -9903
974 7669
-1720 -4980
1820 4954
6062 9921
6903 9068
3037 -547
4846 -7971
-5577 315
-3870 4191
-1081 5045
-8128 -3390
3205 -1993
8089 -3846
-5699 105
-702 -5791
-4626 3407
-6121 2848
9533 -6720
2354 2337
5278 -5271
-3608 -9609
-500 1616
-5712 700
-1552 -5694
5640 -6301
-7 -6773
3166 -1091
-7331 -8566
2719 4756
-637 -5636
-506 6879
6232 6116
-6639 3706
7154 -9488
8296 -7117
7789 -6615
4039 -8575
-1380 -7997
7750 -6766
3826 2921
-2626 -4697
2788 -2449
-788 9103
-1966 -1856
9989 -5608
1938 -545
-8202 1233
237 -4758
7645 -6301
-6250 6439
8016 -420
494 -5661
-2606 -9804
-6641 1292
-3616 -7097
8768 -173
8120 6652
5598 9742
9103 -3013
1732 -9230
-9155 -9895
4613 5390
-1997 -7648
-3038 691
3261 8296
4280 -6613
-606 1312
3937 527
-3186 250
7540 1715
-629 -4638
4824 5636
-9152 -4973
-1679 7397
6467 -3762
-8889 -5238
5906 -5556
-855 1941
8063 -371
7920 1362
2966 -716
8461 3919
-5634 7854
9402 -7420
2705 -4389
553 6268
3119 6041
6759 9190
2718 -9649
2394 -6567
6032 -6893
-7211 -1559
-3907 7317
-4445 -4874
8720 2422
-7053 -5085
9621 -7011
3962 872
-154 -7995
9553 -1465
-6374 9967
1950 7099
7527 5838
-1927 4667
6702 7845
9036 -1239
9597 -5299
4277 9592
-7694 -8331
7163 6638
-5962 -3772
-4105 -1280
8199 1616
-7982 -9240
341 7410
6993 5925
1168 5419
-4767 1615
-2403 -607
7521 -8134
8860 -9386
-8299 -2298
-878 -5387
2617 -9947
7857 6898
-6166 5968
4233 2009
5539 -9077
1884 8594
6239 3746
5132 6607
3005 -2585
-5665 -5700
8455 7928
860 7571
-2771 -3755
-9169 7246
3708 -5770
694 2136
6886 1195
-5647 1721
-65 641
7296 1942
-4916 -6368
6314 -5412
2638 -3312
-3273 -1783
-6089 7922
74 -8323
2418 -1045
-4343 -7591
6260 -5921
7995 -9349
1816 -1541
5924 9497
-7561 -3264
-4202 3038
-2213 9040
943 3106
-5008 2932
-4107 -981
6136 -4308
-2258 6590
-7037 -1468
912 1498
-7859 5718
-400 405
-702 -425
1750 2266
-7235 -6426
5598 -3968
3870 -10
-6089 1489
3126 -2077
-8047 -3980
488 9391
1502 4321
-5609 1935
-3552 -7703
-8399 7210
-3304 8716
-2222 9083
-6103 3482
-8911 -7813
-9354 -2801
-736 -9036
324 7425
-6871 -5154
8135 -8064
2758 -607
-95 -4572
-8991 -634
-2890 9641
-4621 6760
7417 8352
8659 8056
6114 2942
7495 -613
8548 6057
7487 2998
9038 125
-8013 -9026
4213 -6000
8807 6920
3200 -3702
-7068 -8030
6448 8281
-1994 -954
630 -627
7024 2346
4284 2679
7750 -1144
456 -7445
-7579 -8602
-3358 2274
7877 -455
3702 -3377
-4428 4331
-1232 5706
2352 553
7071 -4207
-493 -294
8214 -1370
-8346 -3501
7475 -6411
-2825 -2013
6922 -4563
-1341 9391
2870 -9917
-5755 -4817
-3430 470
-3896 8868
8135 9916
2355 -5882
-7924 1649
-4400 3866
-3033 -3381
3873 -6521
-9220 3726
150 -928
-6786 6260
4397 6673
5210 -8993
-8332 9542
-1167 51
-4287 -5334
6707 -2521
-8715 9033
-9396 -1450
5970 -2248
3069 -3898
-3028 265
-4325 7737
-7121 -353
-6895 3428
852 -8554
4805 9007
-6176 5822
5960 3679
-2113 9471
-982 4152
-6316 -2933
-4461 3187
-4023 -8007
-4150 3806
-5719 -1466
1132 -9830
9868 3735
5689 4943
-6508 43
381 -9791
-7430 4340
-1234 -3694
-8523 2549
-4789 -6133
-6158 3598
-202 -3920
-4474 -6715
-3388 852
4794 -4646
2781 1954
-6389 2126
9024 3300
743 5029
4510 -6565
7062 3470
4020 -9368
9422 -2717
3936 -925
-7610 -4919
-8450 -4251
8822 -7276
2010 5225
-7363 -7399
7372 -8435
-5363 47
1302 5764
-3248 -2215
-6519 -5964
-6769 4275
5627 6249
-2082 -3338
-3369 7021
-5546 6126
1236 7724
-2879 -1872
2838 2946
-6380 491
1720 8472
9523 8067
-1042 8959
-5620 9383
4829 7485
-5274 4802
8095 2776
-8018 -6660
-5076 -934
-3071 8532
-2720 2433
9222 4126
6860 8638
4905 3947
-2668 7032
-2600 -7021
-7768 -6947
5379 5335
9978 5043
-8678 -4765
6628 -1135
-4217 -8206
8224 5528
584 -5959
-8557 9123
1668 35
-3310 1606
3474 4011
3919 -6666
-8402 -5311
-5914 -7391
8291 -2337
-3615 4376
-483 -9375
4357 -8846
9271 1615
-1893 -5163
8859 -7068
-4091 6349
5005 4980
-865 -8534
-7289 925
6598 -6473
-2645 2453
-6686 270
-8317 837
-491 2626
-711 3276
5689 1970
-4918 -3772
7482 4725
6506 9488
5202 -9840
-806 1147
5639 1605
-8510 2200
-8710 1904
9441 -9359
-7337 -2827
-5601 7750
-7502 -3253
931 -6699
-784 -1753
814 6783
-5491 -6092
4031 -8744
7430 -9480
-9935 -7467
4470 6427
1288 1976
3121 8019
3464 -1260
-3714 2513
5580 939
-1004 5904
1940 -1366
-3240 815
-6170 -5019
8038 -4863
-9190 -9750
6723 -115
-1268 -3947
-8730 7270
8037 -3676
-5364 -9150
-1516 -602
-830 1712
-2147 1934
1660 6302
-1576 7697
-3653 7194
-3601 7618
-6853 -3153
8517 -5841
-3255 -7775
-5477 7260
1433 1131
-4522 5065
-728 -9721
122 -2838
-3390 6090
7292 900
-9904 1064
762 3166
-4940 -6551
432 3774
-412 -590
-6982 4806
-4073 -1792
2102 3077
7606 6682
5360 -3311
-2329 5720
4300 -8605
8174 -3669
2885 3501
-8889 -620
4042 -594
-8196 -5231
4983 628
-4172 -4944
-9171 -3585
-2945 6636
7486 7059
-7309 8212
-6198 -6269
-6735 9591
-945 595
1161 6819
-7414 -7184
-6583 2277
-5199 2209
-8860 -8430
-8268 1563
451 -6395
-7162 -9814
-7380 1162
9507 -5400
2270 7279
14 2862
-8909 -7221
2816 6225
-2348 -3964
-4237 -8979
-776 -9288
-7198 -3643
4999 -1845
408 8990
-6119 3012
730 -3373
19 114
7259 5026
-3869 -4193
5917 2429
8389 858
-7244 -5045
-605 -3148
4527 2786
868 8728
3415 8248
12 1426
-1037 -3522
4645 -4839
2108 -1474
-4225 -4529
3925 -6817
-5718 -6281
-4759 2362
-6670 3292
1677 261
-3238 -356
3811 -7112
-8489 6093
-9250 7484
2349 3944
4234 -1357
6166 9091
9403 -4801
-787 5522
-2417 -700
5853 -2542
6931 -9207
615 4986
2283 32
-3447 5903
-4706 -9316
7535 665
-7215 3342
315 5427
-1197 -7932
-413 5142
9568 -8605
-6864 -6567
-221 4688
-8747 -3511
-8286 -8612
-9640 7082
2180 -2650
-9627 -4365
7636 -5847
-4348 -3480
-3932 4682
-8853 571
8292 -7989
8925 -1420
-7724 6459
-7046 3448
9572 -7898
6958 -1719
1051 -5269
9273 -6605
-4777 1908
1417 -7265
3467 -513
9918 -1173
6908 -666
-727 -8570
5934 -342
-7049 -7789
-2455 6255
912 -7386
7879 -1268
-9851 -3208
-915 -4341
9971 4402
8526 6218
-78 5913
7401 -7866
-3655 -4419
-4424 -4789
2279 -9665
6307 3229
9596 5051
-7607 -9681
8298 7454
4944 -3471
-1377 -6498
-4011 451
8196 8932
9177 8218
-9976 -4795
3957 5960
-9036 -700
-7066 -3933
5905 8317
-8221 -3532
-8688 -1882
650 -1034
-6916 -7600
-6318 -5550
-4952 2083
7252 -6360
-4826 -9450
9584 8629
4949 -1693
-2713 -2040
9679 4377
503 -1897
2430 7532
7202 6569
-3232 1782
4836 -6311
4333 -4398
3581 8269
-6439 5724
6364 3778
257 3186
-6402 1858
-3923 6965
3027 -5653
7186 302
7607 -7696
6963 -21
-5907 -4461
-9492 -6604
-3552 5314
9470 7535
-4758 -5267
-2791 5610
-46 -1737
2909 -8774
9078 -7261
8940 -3029
-5322 3762
-576 6189
7090 -7971
3379 7690
4179 8076
9451 891
9216 -1835
-9873 9059
101 2061
-6952 -6118
-3967 2394
-6760 3027
9719 -2491
-5988 6217
-5657 -4176
6037 -5983
-5355 5315
-2681 8120
-8579 2573
9952 -9418
-4595 -9981
-7237 -517
-4188 -9589
7480 9688
8159 -8742
3752 -5579
-9401 -4277
-1552 -1503
-8476 4041
-101 2287
8365 -4498
-8275 -862
-3787 -7003
-9448 -718
-5330 4807
3907 7042
-1679 -5979
5768 -7402
6440 4492
-7480 4916
5066 -4878
8765 4740
5306 -4865
-950 6427
-1963 1592
-4013 -6954
-945 7507
7046 -5178
182 6612
-6154 7774
-9596 -5512
7340 -5954
7691 -3321
946 9852
-440 -552
2688 -6292
9757 -7974
9807 5092
-8567 6029
821 -8380
-9325 9897
-9814 -7950
-7000 9514
9592 -9884
-2240 9124
-4144 8896
-8369 -2267
-5250 -9720
-91 -3603
4946 2926
-2070 -4492
174 -8447
-9404 -9765
6788 9071
-6269 102
6927 -8049
-7178 8327
4676 -7878
-8661 -4571
1000 5660
-9239 4118
5395 8104
-6893 -7657
-9432 -7517
-5324 6027
6631 -2625
-8439 4754
7816 -6364
9210 -4608
-4271 511
-5054 7150
6975 -3991
-31 8134
-1660 -2492
-6739 2248
6748 4323
-940 -5766
7928 9644
201 661
-8594 1658
7556 1155
9107 7136
-2671 8790
1659 -8753
-1002 -7261
-5777 8872
5819 7222
3630 -8726
-1976 -358
-6283 -1807
-4707 1630
-3131 731
-1363 9309
-3813 1760
-1086 -8866
-525 5607
-9625 3019
8132 2085
-5516 1066
2143 5520
-7785 -655
-8544 1628
2798 9446
-9092 1727
648 -6662
-810 8441
4906 -5519
3373 9089
-4905 9988
3568 4283
2735 7928
4662 -4742
-5066 -4890
2598 1730
-1687 5397
9456 -9512
-6203 -7357
-7246 7403
-5293 9275
-947 -2170
-103 -9109
74 7078
-8635 -4248
6599 -9014
3983 8713
7328 4000
2043 5101
658 3289
1678 -3022
-4562 4015
9881 -8521
1690 -679
1920 1382
6594 -8833
6100 -581
3319 595
-193 5897
9326 -8364
-9895 763
7574 2094
4504 6590
-2913 8189
-9026 -3941
-3780 -2352
-6005 4804
-6302 6320
3572 -8326
8464 1004
3694 -3861
-2373 -9935
5614 -4679
7603 -3132
-5411 -8887
-6771 3713
-4130 -8908
-2436 -3165
6798 555
-2650 4751
-6273 -7420
284 5859
-5863 -9655
997 -7712
-4445 -8440
-1204 7196
9727 -1903
-3545 -4673
8443 -3115
-2228 406
7739 6880
-6126 -5494
-209 6088
4486 5233
-4991 -9712
-6297 632
-8552 5292
-4624 7491
-8467 -2973
-2452 -7579
5689 -5560
2943 5573
1855 -4837
-577 9597
2999 -9442
7699 5768
7152 -3659
993 7790
4544 1156
7574 7316
-258 -219
-7815 2393
3688 -3284
8876 -7215
6726 2844
2155 -8702
-4760 3337
-455 -5609
-1480 -9491
572 -8232
335 -3040
-505 -988
8625 -5244
6526 -4342
355 4144
8053 -5586
-4456 -1570
9296 -9637
2265 -2491
5570 7741
-6774 2937
-5190 -9302
9328 -8726
3314 326
-7850 9406
-9612 -7803
4875 -7746
-9994 -2053
-919 -1659
7427 5259
-9451 3901
-5421 -6703
-3026 6099
9748 -7596
3496 815
-7052 1796
-5225 -9769
-9845 7387
6879 5077
-9033 -7475
-3628 7926
-3656 -4778
-7799 -8789
7004 -5962
-451 6505
-3623 947
-791 9879
5692 -5872
7310 -4899
8822 -7445
-9839 9924
1602 5557
6450 -944
561 -5637
-9912 -5427
9089 -3642
-3364 2535
4134 -3391
-2553 -4023
-9961 5258
-5345 7906
-1471 7480
9141 7228
9498 -220
-8020 -4502
1636 -408
-2114 -5489
8567 1435
6110 -3837
2233 -4038
-5355 -9442
-5994 -4663
-8987 -2094
7904 901
-2509 -6160
-6529 5755
5486 3962
1142 5860
-9172 -5926
9417 1259
-2616 9943
-1618 -9477
8547 -6283
7551 2417
6056 7363
-132 -4304
-7616 -9085
-8189 -1419
-5204 2098
-7315 8769
-1927 7457
8354 -2455
-7448 9220
8692 8251
-6009 1730
-6052 6099
-1461 1343
-8385 8930
-3111 -2171
-2459 -6952
2710 -698
807 -2722
1790 -7153
-4139 5939
-5415 -5880
8144 -6446
-952 -9367
5531 1867
-8491 -9001
-8389 8133
7332 -1956
2643 4038
7933 7983
-6450 2492
-3419 8334
2873 9647
-3046 -3015
-2136 2529
-8401 -5038
-363 4562
8046 5934
4041 4797
2647 -8626
8156 4734
-7195 -1329
-8635 5251
9733 -4624
6302 -4552
6507 9485
-5022 3564
-9415 7483
1439 6239
-483 -3104
3613 -2039
-6635 8045
-5575 -4643
7840 6353
4551 1811
8106 -26
-2531 -9929
5458 9725
-7690 -4803
8546 -892
-5005 7140
8238 3298
-9939 -8785
-3876 9274
5205 9466
2346 5014
-5450 -1133
6548 1410
-6296 -1180
-4223 4663
5456 5418
3772 -1071
2397 -2304
9298 -9130
6295 -7239
-5780 9407
-7313 1013
-8969 -2732
-1727 1920
-8670 -2669
-9893 -3909
8489 -5246
2914 2333
9871 4841
5186 5392
-8142 7221
8305 6878
9531 5114
8593 -7261
8599 -3357
8777 3743
4881 -2599
-4295 -5150
-3720 -8529
-3825 6512
-3281 -945
-3337 -5531
537 6580
3687 4974
-3819 2871
5558 2100
-6750 -8048
-5339 -2511
-2281 -701
-4864 2183
8108 9229
916 251
5152 5395
3519 2082
8022 6907
1086 -5446
-7430 6199
-3667 9729
7493 -7197
8599 741
-1004 -5425
-5717 8509
-7127 7763
-6686 -4214
2361 3990
3 2605
-9761 -9615
4744 -4535
590 -3380
-6537 5266
4228 -4080
-4072 4751
71 6067
5804 -9418
5639 -83
341 3145
7463 4708
7953 4508
3907 -6449
2099 -8401
7466 5583
-5937 -347
5130 3562
-1085 -3129
6282 -6519
4651 7474
4709 -8893
-9824 248
-3444 1175
9702 5313
-6217 4186
7205 3963
-2872 5
-998 8464
3242 -8834
6718 -5693
-8658 8384
9554 3472
3549 7937
3223 -1297
-1556 -3080
-5444 -5799
9909 7913
2842 -9536
3729 7311
-1601 9719
-9697 -3418
416 407
8076 990
-5024 3134
2591 -4754
-542 2210
-7316 -5913
420 -8066
6690 5656
5745 6071
6908 3520
-9049 -6744
798 1563
6176 5547
-3925 3654
238 -2519
4323 -3560
6224 8153
-7974 3294
-2547 7464
7848 -7346
-7403 6373
1977 -5845
5077 2287
-1142 1194
80 2637
-2762 -3906
-2157 -2665
-8886 -7397
7094 -6446
6019 6816
-1752 -198
7247 -6441
6467 5312
1876 -2300
-2136 1766
7644 9182
6538 -9179
182 -4463
2809 7033
-4251 725
5906 4354
7725 1614
2851 -499
-3059 -5461
4501 -4871
-2793 9400
-2828 180
8332 -1028
-5819 3346
9519 -2238
-3048 1810
1791 3332
2053 1695
1521 3165
1070 3412
-1470 2816
-7519 -8535
7976 8251
5023 6828
-1999 6847
7409 -7261
-6314 -7972
5383 -5314
-4927 -5836
-8623 -6459
-5191 -3379
-4054 -2414
-3243 4128
688 5956
8296 9806
9170 6546
2043 -1550
300 -9095
1857 4876
-3361 5902
5454 798
-3611 3561
2548 5765
2029 8024
1562 -4776
-9054 7244
-2785 -4095
8507 9186
3087 9767
2533 5889
1520 7682
3477 -876
-6150 -6219
-2348 -3555
-1043 -3268
6632 8093
6352 1118
-1082 9061
-2559 -5289
5487 -587
-5955 -1881
1334 -6847
-2013 -8837
-2328 7180
2679 -5617
-6470 -2940
-2830 3761
-7171 7191
-6319 -1667
-738 -2185
9870 -8794
193 -6121
-6938 -2000
3488 7742
-3300 8468
4614 -5972
3037 4731
-8389 7023
707 -2371
-914 -586
-6998 -3976
-1654 -8138
4165 7995
8311 -7334
-6936 -9318
1150 -3112
8304 7128
7195 -8346
-3883 -7217
8787 4448
7120 3642
-899 5144
779 -1412
-1664 -6601
9593 -188
-4348 8232
6220 4558
6271 -4104
3923 776
-4317 264
9694 -1214
-300 -2812
8428 4204
-742 8369
628 5772
5309 -4299
-1276 -269
1158 -9518
8220 -4435
6893 3807
2931 4964
-379 -2569
-9908 9578
-9110 2415
-7627 662
-2465 -5962
8602 3026
7127 8242
-5898 3377
5937 -3020
-44 3598
2909 4632
-4363 9725
-833 3625
-1471 1903
-5676 7077
2388 -8331
-7843 1007
6424 3492
1893 -6969
-1820 4061
-2004 5525
722 -8406
-4119 2871
1808 1779
-635 2021
8734 -7809
9759 -5014
8613 -6837
-2507 -8143
7252 -478
6205 -5193
-9393 -5366
-8334 -8739
-7399 9415
7070 8012
6240 729
3877 -8068
8900 7984
6375 -5630
9852 6999
-5575 -6823
491 2875
-654 8995
4974 9330
-9159 -9767
6537 8759
8514 4415
-3237 -9879
5395 -8827
5620 -7333
-7870 6395
8083 1996
-4310 -1580
-7695 9780
6341 -4208
-8318 8060
-4625 8500
-75 -6555
4925 4108
9852 5133
9990 -8210
6488 3838
903 6187
6932 -8244
9880 7066
5574 8810
1593 5275
7571 -7178
3086 9634
5666 8373
-6240 3104
999 8849
-9323 -3127
-3158 287
9636 7810
-8888 -2396
-6666 7912
-59 -858
6444 -1192
-4714 1400
-1647 -798
4763 -2267
2525 -9022
-6518 597
8378 -3055
-8971 1172
2710 7469
9964 -1738
2931 -2803
-3345 -1501
6354 -9113
5092 -289
-9 4165
-99 635
-3650 -4728
-6575 -8931
8147 -6521
7446 7325
8311 525
7907 9474
-6449 -5730
2612 -1728
3755 -5711
-1728 8735
-3544 5752
7619 9916
-8841 9985
-9190 7463
-8813 -5114
-6815 -4635
2308 7885
-331 2574
-7609 -8847
-1624 2475
-8455 2251
2914 6337
596 4915
5629 8985
539 -7697
-4994 2205
9484 8262
-3567 1932
6751 -6653
4295 964
-2615 -7511
6127 -7504
-7058 9719
9935 -3550
3853 6152
-3074 1581
8210 350
-1908 -9116
2417 -9281
-2720 8134
-1426 -8294
5445 474
-6674 4506
5008 9831
-9901 8466
-9486 3107
-2362 871
-9551 1574
2599 -6893
-9192 -8446
2366 7965
1547 -40
-8189 -7530
-1860 7130
-8897 -6693
-8070 8757
-6088 1515
-5003 -3145
-6046 6778
-9202 142
-3007 -9006
-5809 6974
-727 -9771
4023 -1418
-9075 -5124
-6588 7407
-2725 9714
319 2163
-7848 2036
-2030 9558
-5851 1328
-9990 -575
-4708 2414
-1823 491
4049 -4692
-2482 9811
6109 7960
2264 3248
-7690 -6851
5915 -6741
445 -6543
58 -9600
-6642 -4507
8625 -4813
-6175 1101
4007 7569
-2280 -5079
2396 6831
-5232 -4390
5268 5243
4127 8306
-9511 2811
6162 3078
1773 -55
-5489 3006
-6152 3351
-2930 -2850
1890 6948
5091 4582
4010 -1665
-932 6226
2595 -9179
-7218 -7777
9160 -955
2545 -7227
8639 1284
2022 4410
9289 -8668
-1902 -1177
-8270 9298
-9200 -4110
4446 -8536
9571 -5324
5937 6906
-1450 3495
914 3897
-2411 7619
-3767 1544
-5831 -6739
-9275 1522
6132 884
9485 -1283
-5778 1307
6544 -2965
3808 -8977
-3200 -9432
1705 -3313
1920 -7313
-9419 5059
-5564 -2030
6189 -5755
-5370 8999
475 182
9116 5519
9567 5333
958 -663
-5501 1217
-4400 -3001
6757 -8049
-3090 2894
4042 7156
-6757 9002
-2326 7835
-939 -4982
2462 2918
-5948 -9863
-6949 -7047
6327 -6920
3008 -212
7518 -5681
9085 -504
5451 -876
9181 -1352
-209 4656
3018 6678
-9017 -9497
719 3392
2309 -6452
7631 7687
1410 -5661
-9069 1516
8319 2768
-5558 -8842
-7877 -9604
-7823 3029
-8054 126
-7424 362
3752 8621
4830 -6057
-5908 5998
-6251 -3045
4441 9983
-2799 -7273
-8998 2022
9701 1504
-9470 5101
-7879 6792
-6658 -3852
7873 -5671
-3493 5595
7802 -9521
-4921 -6508
2888 5738
8411 -2749
-3463 6063
5343 -7619
6177 -8136
-3519 7865
-8870 4457
-3183 4524
-8236 9614
3439 8750
-3648 -8041
-5181 661
7353 8869
-3350 -7254
2796 -4400
-1566 -7730
6933 -8767
7741 5258
-2839 7096
1427 -5632
6928 626
8436 -6231
4941 1806
-7010 -2218
-2839 -878
7343 -8848
-6705 1521
2048 3582
-2418 -4614
-9076 8084
6417 2328
376 3090
9086 8190
-1956 -8065
2303 -44
-487 3361
2538 -2205
2085 2155
5560 -372
-9316 -8889
2976 6638
-6772 8900
9716 -2081
1243 -4702
-8768 5653
-132 742
7231 8725
4453 1270
-579 -539
1868 -4646
-2037 1393
-4081 5670
-4545 4933
-7713 -621
2645 -1680
-182 656
3332 982
-1220 -5999
-1857 -2602
-2570 8126
-5739 -9964
-3163 791
-8482 3508
-6417 -8273
-9548 8165
-2017 8648
-7602 3330
-8440 3213
-1089 -9108
4385 -2108
9903 4829
-3619 4751
5805 5259
-2700 4205
3875 -7198
6064 -6366
-9561 -6209
-9415 3110
-2920 -1494
-3895 -2308
-9737 -4764
4163 -1233
3680 -6661
-1114 -6505
2932 9284
-9929 -3521
-9420 -113
1489 5019
307 -4637
3488 6395
-8792 8945
-2577 -4217
-3108 9528
989 -6052
-4966 -8528
6357 7809
-7448 -2586
2500 -8365
-8825 7943
-8651 2746
6068 -4755
-6608 -1410
5031 7090
8724 3844
-5828 4323
-7412 -4377
-2059 6483
-3563 419
5056 -5628
-4501 -6862
-5110 9243
375 9796
-5895 -5091
-832 3241
-487 -3320
-560 -6098
-5559 -1529
-8591 3167
9535 -210
-7888 4089
6524 5156
-5292 -7158
-6298 -7014
-2314 9409
4116 -718
5255 -7485
-7739 -1147
1444 -2358
-846 -9488
692 3873
5899 3597
-3322 -113
-9679 297
-2240 -2823
-3901 2960
-4776 4566
-7952 -3536
5513 4524
9275 -1827
-6251 774
-9532 762
69 5596
-1717 4125
-9922 -5446
-4160 -8260
2394 -6283
2257 5806
-4743 -4801
7119 -7759
-2838 -8581
-9631 4570
3905 1993
-4191 -8148
-8303 2632
5166 -2475
-3944 -796
-609 -345
1102 6894
3251 5887
-980 2064
3641 -3805
-6325 -4202
575 9950
-2409 434
-2638 9592
-5993 -558
-4864 -1468
-8116 -1214
-8423 -5759
-5065 -2338
-4839 -8137
294 3823
686 -1766
-4974 -3681
298 -7226
9797 7382
-6888 5990
-2486 -1689
712 6347
-8795 -4677
-7313 199
3028 5063
-6682 81
-6950 3170
3091 2310
9935 -7140
-7614 1864
-7622 -7453
-1981 -6705
6775 -6556
-5216 -825
-3706 -6434
-8764 -9729
-2789 6978
-7600 -5944
1873 -14
2655 -4974
282 5049
2016 9598
-7578 218
-5580 3095
-3069 -2693
-2137 -4828
8333 686
-2210 -4958
3267 -493
3902 7684
7315 7312
-8568 4722
1113 7478
-4108 -4449
-3302 -7754
4309 -3098
-2943 5697
-2098 905
-8059 -113
-2494 8112
-2463 -6993
-6526 3230
-378 9830
-4474 -5088
129 5712
1335 -367
-7971 -2621
-9572 -5459
5823 1542
9715 189
-7451 -1557
9060 2086
2447 7965
4673 -5334
9067 7983
8037 -6500
5510 4314
9664 9761
3444 1243
-5060 -6876
8444 905
9945 -5937
-7653 5986
9059 -3365
-944 9392
9702 6843
-2180 -5333
1233 -3461
472 -9104
2570 301
-5347 4623
7181 -5792
-8789 -8782
9751 3623
-4857 -4302
-5342 -528
-5621 -2565
3192 5648
-5444 4450
-3837 -3680
-8389 -4255
-1353 -7259
-7805 -1506
-2700 -1582
-1410 -4928
6378 4955
-2432 4555
-5301 -5361
-2028 -1946
-5150 -7980
3333 2813
2285 -2730
855 -7781
1818 -2911
1330 8661
-3235 1824
-4306 5860
-5908 9437
-7669 -9960
-1246 -4990
89 -62
2523 4330
5302 -8593
-2474 9079
-4991 5933
-5815 1231
1140 -419
-7307 8593
9800 8506
-8755 6567
-5811 2361
8016 1142
6325 -5626
6232 553
8210 -6070
-8337 1264
7445 -1275
2937 4847
-519 -2088
6208 -2742
-6886 9510
4237 3806
3416 -2944
-1040 5855
-8426 -4120
2361 8582
4294 1293
-9649 9091
-5243 3354
7630 6570
4684 446
-7682 8941
5017 -9907
8549 -6358
6046 9288
1698 -2142
-5643 2958
3132 522
-6050 -9468
1495 -3896
5096 8799
-6398 -7501
-6413 -9316
-7716 3679
-2368 -3321
2902 3147
4713 86
-5620 6553
-5190 1194
6469 4060
1545 4213
8789 4682
-3442 -9425
8888 2244
-129 -5347
-3639 -654
915 2152
-2964 2957
-676 -243
-3655 -1893
742 5072
-1276 -5617
-2508 5093
3460 -6942
387 -5991
-2985 -8327
6645 8469
-3236 853
-6889 437
-5569 4898
2702 -6627
7809 -4770
5214 -8695
-5771 1907
-6097 3166
625 -2168
-6891 2677
-4537 -8010
5180 5001
5252 -2921
-9240 -6218
4120 3960
6506 8033
5557 -2618
6020 8879
7939 -9489
-5701 -3903
4728 4413
5715 154
-4630 -3022
-4676 -9905
-2835 -9780
-3587 -3896
7504 -4868
-1659 -1694
-4192 5721
6999 3427
-4150 -5696
-7029 -8839
-8352 -3784
1223 -320
-9448 -778
5619 5475
2954 -8378
-6285 -4998
2505 7857
-3411 6488
2555 6774
-6229 -6224
587 7423
4505 8161
-5457 -5845
53 9924
3713 -7404
3851 3576
-6587 9030
1594 230
-1450 -9935
-7825 -147
7346 -6626
5906 3431
-273 -3562
-4777 -2983
6076 9680
-8185 -5790
4973 -7750
3845 -9540
-4759 -6999
-9584 2108
9863 3831
-8511 -2865
1310 -3113
-40 8912
1535 -1190
-2363 8663
-8615 -7930
5045 -5646
-5368 3039
2771 6692
-8567 -525
-8467 9421
-8712 -7030
-8427 3845
9346 -6752
-3863 5400
-8384 4364
-8134 -3969
758 -9963
-4408 -7104
507 -5742
-2113 7765
1689 7360
-5465 -615
-3900 -5016
-4054 -5674
-6249 -6545
-1130 1562
-6835 -2270
235 2305
6395 628
4130 8031
4196 -3039
8627 -8960
2062 1571
-3201 -8436
9964 8064
7638 -7360
-4175 -2723
-5948 -4231
2089 2665
5982 1254
-9972 -3400
-6643 1524
-2006 1393
-792 -7217
-5315 -8763
-9743 6395
-4500 -3297
1276 -5224
-1589 5612
-2449 9237
842 -194
-573 8266
-3094 9544
7107 9811
-7947 -6286
-7622 -9726
3659 -4727
-1126 4287
3634 4637
566 6965
-827 -4112
-2483 -3067
3208 -9625
-9504 -9767
3408 -7410
-677 -5441
6516 6785
-5749 5398
6618 80
4404 2046
4239 7080
-7553 5587
-6114 -7095
2152 8187
4869 -6408
1517 -6296
-3150 5878
7462 8232
4390 4257
1610 929
9910 1198
-1114 2930
1714 6994
-2811 9893
9259 953
-7312 5440
-7648 9538
7511 -2940
-8863 4639
6296 4299
978 1615
-8658 7566
8175 1824
-5490 -9779
-210 8536
-2258 6731
-4692 -4445
4046 6328
3947 4469
-2023 -9551
-6124 -6006
9994 -6844
-1906 -1771
9181 -5567
8991 5621
-1781 6179
7205 2294
9580 -6506
8367 -3475
-3993 3581
-2333 7309
4368 9731
9932 180
291 2245
-588 -5355
5506 7946
5925 2530
5836 1510
-7015 4185
-6206 7241
92 -2694
4982 3437
-5603 9214
-4962 8151
-4514 -5060
9608 -1446
3444 -336
4094 6958
83 -4900
-7653 4621
-9293 9842
-185 206
972 -6911
9641 7069
200 -2871
3075 5029
4251 -2992
-2327 4839
-5691 -8734
9570 -611
-4420 -5784
-5302 4677
9211 -1931
9430 -2975
-2307 3598
-1983 -6972
-1587 6693
-5053 1168
5253 -9869
-6551 -2692
-9832 7476
4390 -2003
-1870 331
-3598 4435
8560 -8466
-9153 -7902
-8165 -8929
4056 5947
573 -4913
-3865 -8959
-7348 4462
1994 -693
-7529 2973
8683 -7630
1221 8367
-5798 9752
9291 -331
1953 -1315
-9877 -5423
-4574 7017
5628 8703
3617 3349
9900 -8818
-8975 -9821
5312 704
2581 4610
-7964 -6013
-7189 -8560
-8402 2692
9767 -1609
5816 6807
4085 -3517
-3548 5315
-5768 8370
-6698 2273
1440 4747
7013 -62
3865 -7654
-6649 -4092
-4862 6349
7220 1678
3092 -5039
-1063 4737
4504 5990
7605 -8122
1150 5095
-8420 1677
872 9584
6408 -8383
-4700 9401
-150 -2946
-9606 6309
8336 -7285
2194 9235
-1195 -3672
-837 9357
-3724 -5758
5471 -1423
-8000 2393
6270 7150
2280 -7813
4922 7872
3011 -5746
308 765
-6209 9325
362 3070
-9352 -555
8214 7875
-4496 8407
-1357 2110
-1965 5035
2347 9654
1211 -5115
-4681 9875
4412 -4730
5936 -6273
9423 -2271
-5599 8278
-1437 162
9297 9481
-7042 3102
5911 -257
-4761 -6899
-7111 -160
2110 7520
5948 -4495
-9649 -1135
-8042 7964
-1327 -4141
-4503 7082
-9913 -3992
-2562 7014
-44 7295
6776 5576
1444 6220
-3461 -1654
-1214 8657
5953 85
6310 7201
-7330 -2440
-4244 -6019
3471 939
-5044 3915
-9673 -3088
-4566 -6416
-2265 524
1371 3449
-4578 -379
-1076 2539
-6058 -4312
-724 -9518
-9206 -2359
-6098 6139
3929 6567
-7366 9803
-3826 -5830
3366 4084
-3254 -1999
501 -6275
6314 -6830
-248 8497
8234 -1856
1872 -6702
-3459 -589
-2465 7264
8774 8757
-6749 6040
7832 6169
-6112 4409
-6115 -3728
665 6843
-1471 -430
5499 -5211
-7461 -3263
-7272 -1958
-7000 854
1053 -7689
-3339 5249
6889 -4935
8459 -8218
-4487 8455
3812 -9277
2577 -6308
-3671 749
-2450 9520
1580 -2069
-3284 -8539
262 -7318
5389 9237
-5383 4333
-7555 -3005
5682 -8646
7340 -5214
-8680 1603
5469 -4393
6860 -4910
574 3672
9369 7318
594 6581
892 2674
-5282 -4378
-6963 7323
6526 6333
-2333 -7701
-2295 -3104
5228 5569
-8749 -5445
6126 4909
8634 -5653
-4666 -473
-3362 6482
461 8311
-507 5054
-8693 2990
2953 4839
4110 5989
7996 8952
4076 -8082
9783 -9844
1477 2610
4877 -4815
-8019 -7205
3238 5191
-3635 1853
-3435 938
-8515 6802
-9015 7385
-9761 4628
-7386 -2650
2245 8363
1348 -5469
-5947 -4238
6491 6857
-9525 4615
-4930 8782
-9477 -5895
7928 -7677
8650 -5822
-3210 -9900
-4864 -2789
-1872 -5407
6276 4085
-5731 6724
-1647 -2131
-1897 5785
-5761 -7165
-126 -4868
286 -9661
5545 -8293
2202 -8580
6087 2230
-5722 4552
-9389 -7945
3760 -8754
-890 -2461
4658 -7363
-5357 4219
-431 -5971
-1551 3267
-3947 4924
-6930 884
-1973 -9482
-6607 1940
8704 -8669
6433 -7689
4724 -945
-8632 -2159
9598 -47
-1838 -5987
414 -7331
6190 9879
-878 7820
-7403 25
3479 7548
8893 95
-8854 1232
-349 5843
133 2238
1167 7941
-1412 5676
3880 4714
-6118 4726
3894 7407
-7402 106
-5757 9757
2252 -7562
2698 -7634
7696 6734
-3116 -9670
-4456 3797
53 8054
7074 7122
-5158 -6556
3970 -7182
-8275 -9393
6351 9113
-939 -5531
5920 -4493
4422 4468
-9227 7081
-7030 -7312
4026 5127
-2893 1176
9691 7241
5763 6175
-2686 6910
3020 -7866
3829 -9719
-5295 -5764
6531 -8047
-2992 2106
8574 -983
-1850 -2946
-8370 7193
-8147 -1968
-9192 -656
-4533 1161
-2052 2645
-3763 93
3741 4849
-693 2323
-3554 -2422
-6424 -3666
7716 -6974
9526 9084
798 -7619
-5586 3695
7454 1362
3085 -3929
5462 9801
-3498 58
4651 -3195
2652 -1144
-7618 -4868
-3352 -7751
1641 -9208
-4567 2764
4395 -5062
7257 -9914
3502 2933
-5141 8536
-9836 5228
-7763 -9511
4545 -6404
-4213 -8298
-5203 -9041
-384 5723
-5778 -8992
22 3062
-8901 -2405
-1785 -7276
-6033 -1977
-1486 6467
-3591 -6251
295 4540
-7127 253
1404 -3875
-7608 8594
-8095 -706
1944 -4671
4461 652
7250 -6837
9051 -3841
4558 9270
-6636 7687
8870 -4421
-6667 -9054
8645 -8682
-9414 7534
-1965 642
-7544 860
-6376 -4678
-775 -5101
4229 -6307
8067 -2169
7908 -4436
290 5748
6234 -965
9917 -9765
-9281 -7491
3920 8173
-888 5673
7558 5936
2287 -1529
-8706 1498
3187 -4674
856 -3750
3175 7384
2188 2198
-4073 881
-965 5312
7822 4067
5987 -4857
3565 9376
9167 -7463
1320 -106
499 4254
3432 -7633
3275 746
-2023 1320
-1781 1867
-8641 -6862
5076 -7089
2212 6724
9188 -3320
2883 -348
-2984 8274
-3721 4326
2413 5544
2538 -4309
-9896 -2152
5191 4949
8612 1690
-6165 -6860
1812 -6335
3346 1331
-7496 -3939
-7643 -3109
6125 3310
3932 1494
-3372 996
5597 8751
7135 2221
1780 -1046
-455 9670
1265 -2796
-9501 4167
-9028 -7195
7391 4233
-3694 -2562
8413 9389
-4482 -1178
-7183 9652
-5322 178
-872 2008
8690 -8740
-3168 -900
861 5692
7226 -6109
-6796 1050
-5363 2905
9181 -368
-3785 -3045
-6342 -3386
-9751 8886
4780 -4868
875 9664
-677 7120
3268 -3383
-9677 2762
-4459 -3092
9080 2477
-1833 -2152
9088 8383
3683 -2448
1485 -5451
-7871 -6487
-9072 -3880
9896 -7076
-7337 -6466
3520 5216
31 1603
1864 920
-7511 -351
-6300 8505
1449 -9605
7071 -3524
-9123 1259
4967 3030
8092 -2911
-498 -162
1551 6259
2313 70
-9700 -4688
-3238 -5557
-7593 6494
1400 -1266
3177 -3975
-5392 -6723
5764 -3535
2633 600
-5058 9953
-6273 2491
4955 7059
-3163 8635
-2128 7105
-7624 9425
7014 7790
7768 7207
9358 4
4723 -556
-873 -7775
-6156 -7103
-3982 8689
2437 1644
6680 1488
-5292 -1936
6202 -1173
3870 -2626
5045 -15
-3442 4755
3886 -858
9800 -6158
3790 -1413
-4868 3863
4000 3237
8293 5314
7355 1159
-2027 -747
-8655 -722
3947 -8135
3971 4861
-4961 -4931
2175 -8094
-8944 -7061
4539 5818
5499 -8681
-6201 -8176
4397 2206
-1670 -7528
3971 -5281
-4306 1686
-284 -6926
-6413 3597
5330 -1090
65 -3658
-5019 -5152
5878 -5744
-59 4007
7804 -1176
-7417 3812
9013 3631
2800 -6589
2235 -9492
3667 -2431
3939 -1006
6997 -2747
1775 -4395
-2463 9667
-1698 -4550
4273 -4268
3124 -340
-4544 9251
6951 -2660
8260 1317
-7893 2230
-8694 -2648
7899 -7899
7163 -8552
8935 7750
5573 6795
9176 -7347
-5227 8879
-3064 5398
-9449 122
-8032 -157
2849 4857
-157 1493
-9621 -4757
3165 4345
-9763 -8564
-6673 3477
4286 5118
-2865 -4409
4188 4022
7772 9393
4589 7171
8081 -607
-4495 4480
5915 5829
7970 2667
312 5078
2434 2636
-3312 -861
7082 5615
-1600 1491
-1291 -4157
2302 -4536
8129 -4782
7272 -7166
-5931 -9869
6885 -6302
-9689 -5496
-5955 -6647
-5708 3131
-2924 -3048
4312 -4595
-4496 -1076
-4137 3684
-4719 -5879
3443 -5988
9497 -6784
-6613 6604
-345 -9132
9919 8045
3475 4077
-3168 5920
4669 -2819
-6538 4720
-4671 5085
6135 -4447
1922 2290
882 5865
1638 -1379
1639 6746
151 7651
-2517 -1696
7318 -7181
127 9470
5429 4038
-4891 4820
-9959 9496
-8424 6070
-5048 6878
-14 8398
-2322 4423
5978 -1201
-2221 -5650
-641 8059
9159 1452
5130 325
-5041 -3023
1348 5315
-4062 -4446
8571 4181
-8346 -5215
2348 -9774
-4317 -9168
9403 -7214
2345 -4376
5488 -3655
8406 764
5746 6776
2142 -4805
4298 1593
-5578 7344
6612 3291
1046 -5366
-3682 -1415
-8703 4552
587 1867
-1908 -4552
-5012 -2879
-3133 -9101
-761 -5570
-1895 1186
-207 523
2227 -644
9740 -6470
-8036 2261
-2684 -5645
-9239 -615
8851 -2575
-1702 -5588
5468 8273
4089 6886
1169 -972
7378 5374
-4740 7528
1116 2587
7353 1172
5308 -5188
3053 -5004
535 7140
6952 -5185
8540 -1543
-6854 -6858
3188 7637
9908 -4228
-3094 -6425
-5952 -4491
1236 7733
-7684 -2349
-3215 -3959
-8034 -151
4468 1123
-7555 -5621
-3463 7293
8385 -2378
-3820 9518
-5840 2165
8755 -8786
-6310 1082
8548 -5938
4599 -3399
5926 6722
-8413 7845
-2220 3457
4118 6135
-6521 7824
-8354 -27
-9104 2910
406 -4515
2554 1584
-7558 6216
-4181 6290
-5561 -327
3814 2782
5668 5839
-1884 -3634
781 8286
-6617 -1899
4998 7120
8573 -537
-8454 -8340
340 -250
-7972 2667
3987 3406
-1666 -3402
1388 4854
-5223 -5757
-1197 8657
-7330 -5355
-2582 -2554
-3113 -505
-1875 1396
1790 6955
-9332 -3530
-404 -6109
8214 -4988
-1793 8423
-9784 -6246
9306 4134
4680 5621
6516 -1333
-1076 -2553
-1296 2584
1683 -5087
8685 7012
-3166 -4673
-6647 -9880
4746 -8456
-2970 4680
8455 -2461
-1697 9108
4393 8981
-4218 -7259
-7494 -595
9985 -322
-8420 -7868
-2170 -1123
3979 -6636
6620 -329
-7348 6570
3939 -248
-562 5782
4063 -8603
6874 -3289
3882 122
1080 -5053
5300 -4055
1634 -8310
5883 5157
9031 -2337
2164 1928
-1540 856
2543 -8345
4584 -2420
9334 7607
-511 5590
8609 5498
6079 8398
-4925 -2130
2171 -1185
-4831 -5586
8967 4070
7444 -2808
-1964 -4688
846 4848
-9600 -4867
-2688 5291
7326 -577
-686 6086
1949 -8048
5592 3463
-4693 -1181
-5206 4778
7450 -1633
-1295 1478
-3284 6431
2130 -2815
5522 4689
-4947 -4810
6866 9716
6763 6197
-7113 7373
-9130 -3542
-3137 3367
3547 1341
-5633 -9629
8461 -3758
3830 9509
9597 179
-4034 1907
-5674 3605
4641 4159
-4197 -8813
-2192 5467
9251 4029
-1832 9907
-5796 -5889
2606 -2810
5034 -7725
5255 -5538
-9525 1152
7522 -3789
8848 -6044
1418 -5733
-79 8531
-5513 -8074
-616 1867
-5771 -3963
-3264 5135
1116 -1625
8103 -1444
-4571 -188
3933 4570
6743 -7774
2455 -3682
1830 3008
-8491 -847
-4056 -9507
-3611 -9526
-6410 -735
-4480 -4535
4685 -6630
-7088 9063
540 -4611
5914 -8415
-6425 3491
-9741 7939
-9114 4409
-8089 -921
7104 -1975
4011 4901
6613 5809
-1676 6889
4070 9075
814 9995
7192 7509
1768 7967
-6978 8320
4912 3666
-3648 -839
8757 -976
-2122 9471
-2536 5884
653 4637
-7581 -2481
-4501 8929
4605 5633
9121 -7514
-3368 -4990
47 -2910
3620 -6059
-6449 3562
-9741 -9095
-6413 -4122
7638 207
-8813 -8655
7817 1622
4941 -1691
-663 4508
1201 1602
-9160 -743
-1336 3875
7203 -7301
-6588 -9812
8309 6584
6805 -4418
-8592 2249
-5801 7894
-4214 -4089
-4863 7860
-5914 -3827
6571 8300
-3599 3804
-2794 6974
8442 3505
-9419 7697
-5864 8177
6563 -8968
-628 7305
-3945 -6388
-5124 1771
3582 2287
2488 8409
-7872 8485
-7552 4245
-7750 -4040
5285 -6496
6402 8456
-2625 -4533
3037 9112
5070 -7591
5438 -4893
-1487 -9156
-6684 -6839
9383 -8178
-520 -6426
-6630 8726
4955 -3412
290 6488
2728 6103
5272 7238
5533 7509
282 7246
-7726 1297
-7683 4244
-7812 2107
-8203 9662
1662 -1306
-3281 -7318
1154 4098
-513 6397
3068 5245
-9831 -5399
-1402 -3945
-461 -9432
3048 770
9127 8630
1673 -6033
-8613 8720
8685 -9232
-2790 -5096
-8538 -4664
-8586 -3735
8097 3902
1225 -4581
9378 -6696
-114 -2200
1214 7307
1164 -563
3831 431
6308 -2280
778 6926
-3629 4062
-1539 -3337
-8622 -8133
4775 -6254
3448 -1168
2052 -5055
-3130 4499
-6993 8449
-7163 5847
4542 9816
4036 4196
5490 -1624
-2981 9412
6227 9256
-4867 7386
9973 3930
7181 1204
-6964 7378
-5874 6834
7342 -6332
4522 -182
-9346 -7980
-6128 -3483
-4182 3531
1077 -4947
9965 -2032
-3722 3949
-9064 -5265
-6815 -8313
4913 -8082
7641 -632
-8799 8269
-2386 -5542
3337 -4486
-6913 5399
-8751 -1460
7705 3457
-3945 3741
2502 -2063
-3631 -2623
-7803 8547
8460 4361
3684 2727
25 2845
-1266 2549
-2934 -206
8 -8150
5438 7173
-5714 -2537
6545 47
9258 -8569
-932 6562
1811 4125
8200 4545
-9328 -9387
3602 -5424
8489 -9799
8228 -2993
24 -9727
2471 3387
-7807 -2667
-1213 7363
3189 -2070
-3941 1676
3079 -4207
5190 5342
3861 -2093
-8779 6133
-5902 -5128
7412 -492
3924 2001
-399 -9990
-7996 -8567
-218 3744
2073 -8728
9477 4385
2163 -2079
-1516 8917
2599 -3147
7046 8106
-9897 300
-2314 8652
492 -48
4744 -9455
5223 -347
-7758 -57
1051 -7484
2923 4370
-4495 -2667
2853 -2983
8943 3547
-2630 1511
-4369 6920
-7265 -2844
-984 -3123
-678 -2016
-3835 -6650
-4272 -361
3375 -9403
-17 1947
-732 -1712
5472 -2987
-2103 -5565
596 2043
815 -8051
-8114 -2116
-671 810
4660 -2931
-3406 8040
3121 9602
-9580 3493
-4482 -9662
7311 -5055
2225 2488
-2846 7149
8434 -7311
-5021 -8925
-3714 4232
-4412 9927
1946 -8768
5691 3354
-9182 7279
-4225 1574
6112 470
-156 -3214
5743 -1522
3798 7097
-7001 -6362
-567 -9373
7584 -6996
4125 -2219
8220 -6253
-7681 7158
-4881 293
-9168 -5363
-3289 -140
2750 9474
-3725 7927
-291 9175
-3185 -3179
3766 3198
3967 -88
1812 -1636
33 95
-6068 1315
3675 8437
-9364 -592
6456 -5808
-922 8748
1664 2593
4810 -700
7046 -5736
-8740 -1912
-3633 4761
1332 -3182
-1080 -1140
5490 737
2434 6383
9474 7768
3262 -7216
9407 3374
-3880 8089
3793 -6349
-3360 1448
-5313 447
9376 -9873
-3895 -4046
5657 -3598
-7831 8707
-1856 7611
-729 2353
5554 -4859
-5666 -4135
8479 -9799
6719 -2406
9568 7097
-103 3875
-104 5558
5428 -7227
-2801 -8349
-776 -6312
-2619 1838
-6755 8861
2477 6407
-78 -3259
426 -7671
-2672 -2207
7284 3478
-387 2808
6816 4908
8217 -770
-7495 8933
9910 -4824
-9074 -1226
1430 -5830
-2216 7504
6 391
-7489 -8503
3121 -9989
3245 4137
272 7501
-420 -4784
9207 488
5413 6472
5415 -7713
-4392 3389
1404 1752
715 -7774
-4236 -5269
-863 5303
1609 5017
-4913 5193
-2382 -5052
-8205 1345
6994 201
-5663 -1496
-6857 8654
-779 -3228
-7249 9251
9320 1487
-6363 -3321
8523 8980
-558 -5002
-6835 -7529
6527 -1693
-7971 1188
-1816 9138
-2036 -9758
-4037 -6117
5660 -6107
5973 4173
-7390 -2137
-234 3488
-5957 -2661
-8870 -7908
-9071 -5551
-6333 -5673
-2125 174
8224 883
-8115 -115
-7972 -8451
-7325 4455
9673 -4456
-7766 6421
7788 -4710
8008 6865
4591 -1287
-5667 5261
-7097 5253
-946 6466
246 -6622
-2256 -6270
-578 1528
1998 -9616
-7046 1432
-4406 9193
7790 6908
-862 2279
-2270 2232
5534 2405
7845 -6684
4221 5410
9487 891
4231 -8832
-4649 -6415
5647 -5136
11 -5139
-6337 -3703
-5280 -866
-6669 -9120
9242 -7587
610 665
-2775 7785
-908 5138
-3636 -6672
-8588 -5994
-777 -9892
7571 -4028
-1978 -8395
-6600 5228
-5913 7074
6046 -3144
852 -4147
-9777 -8597
2842 -2581
-649 -5324
-7200 -1485
-1808 2262
-9276 7428
-8171 -2716
-8508 1869
-4368 -2190
-7950 -4575
-4468 -7207
-7975 -398
-3023 6010
356 8555
8489 -3517
-7722 2003
563 2093
4196 -3904
-8367 5153
9606 5726
7810 860
9760 8149
-3647 928
7697 4317
-4543 -2644
9011 354
-2057 -1835
2077 -2454
791 731
2864 3917
8858 3545
3069 -1655
9065 3076
5616 -7618
-1212 7368
-2666 6973
-7431 8997
-8464 1741
910 2289
6514 7071
7994 2678
5237 -6372
2549 1568
5981 -5917
7502 -9449
-8266 -693
-6962 5009
-9521 1539
-7117 -3334
6379 -6701
-2831 -2360
-8046 4523
1472 8509
-5939 -5929
7411 8084
9753 4586
-5163 -7906
3421 -1948
1179 -1222
-6530 6762
3327 6525
-5621 917
4596 -6899
1836 9570
8089 -4156
-5469 4587
275 -2464
4232 3989
-8244 6477
9947 4340
2846 -8570
1734 9314
1374 2090
-5920 3090
-1257 8724
-5811 2085
1480 56
-6349 2807
-4974 8557
299 7834
3498 2942
6308 6266
-276 -2209
3175 -5029
-8571 -6095
-2821 -2956
1671 -7024
3903 8117
8810 6193
2012 3813
7052 6042
1306 5114
-246 5520
9439 6387
-4271 4817
-2519 -5768
5598 2489
-4956 -6023
-7020 -43
7196 7439
-9630 -50
-118 -1073
7375 -7726
-9982 -6064
-1068 -652
3023 1084
1029 -9165
5868 8903
-1956 3243
6347 5566
-5515 7111
-7814 3228
-9056 -7863
5601 -5622
5513 -6569
1063 4019
9840 5628
1977 -9003
-4264 4401
4898 -4528
-9344 -9020
-1816 -8531
-9382 234
654 1320
33 6078
1505 9574
1024 -6030
-3565 9192
-5546 7122
-5039 -9106
2441 6040
-7999 -1992
-2533 -9672
-44 -9490
-8780 -2746
8790 6275
-1664 -4333
6474 -5697
-9611 7192
9455 -525
5204 -4463
2701 9868
-2963 3430
-831 3062
-973 475
-368 -5524
6687 1574
-5371 4761
4408 1949
-8865 8328
-2030 -6595
4729 5445
-9194 2763
-6591 -673
5553 -4523
-7692 7665
-699 8941
7893 5482
3085 8954
-3363 4549
-893 6174
-85 7308
1270 -269
-6735 7185
7391 -5242
-9764 -4237
-1721 8341
9691 6972
-2901 -9167
-253 -8963
9868 -5952
-4479 5351
5690 -7589
-806 -5707
-1989 3279
9171 2207
-8320 -8607
-818 9529
-2560 7718
-583 -6167
-8589 3468
-5957 -7281
7524 -8666
-2230 9953
-3364 -516
3538 5159
3576 2860
6536 -2143
2136 1553
3181 -6571
-1706 -18
-8332 4590
-6824 5319
-86 -1270
-9621 2942
-4692 6174
-2744 2902
-1612 -5179
-7243 -4521
-4134 -4933
-6374 -5714
2852 -282
5235 175
-4596 4087
-6336 1213
-3371 -1324
7023 -7975
-7520 -2013
-6037 -6797
2768 9907
4111 -7046
-2975 -3485
6104 -7335
-4341 7975
-928 7192
-5036 -9595
-3212 4649
9191 -1318
3833 9380
8597 -8115
7636 -6802
-8662 -1821
-6831 -7667
4945 -7395
6317 6401
6983 1538
1823 -3864
2680 718
789 -2116
-7038 -4100
-336 -4623
3966 -5140
6646 4940
-6194 -6966
7172 -6619
2030 -8968
-6208 -1930
3475 -7527
2265 6025
-5783 3024
-1395 931
-3365 6352
-9285 -6931
-6725 2717
9041 -6991
-6483 7534
7035 1495
-4285 -917
965 -8581
-4034 536
-6201 -5245
3807 -8457
-9682 -6077
661 -6545
-3195 525
-516 8642
-7362 -6382
-5216 -4207
9447 7753
7063 -1411
6400 3142
4015 5020
2856 -7466
-4763 -5699
7734 -3388
1477 -4996
674 4832
-675 7865
4326 1455
-4767 7834
-5205 -892
5515 -7562
-955 6384
1626 4352
435 697
-9740 -6246
160 -2827
7939 -4276
-3181 -2200
2287 4400
-7793 5879
6772 3775
1786 9002
3537 -5256
-8543 -424
-5845 -6216
3660 -4282
-3309 5252
8435 -2359
-6326 900
6058 2838
3516 -3067
-7836 7701
-5139 3371
7390 -1432
192 4759
8241 7660
7476 3474
8130 467
93 665
-6830 8088
197 -4931
-658 4197
-5388 6546
5358 -6357
926 7536
153 2825
-1800 -9212
-7858 9377
-3395 -2925
38 -5484
-5797 6695
5524 -9173
3248 3344
8605 4905
-1408 -3288
-4954 -2986
3166 -4109
5415 4991
-636 9898
4266 2066
5516 -106
-1264 -6563
4455 -2931
-6847 -3741
6506 8056
-4439 -685
7834 9065
1052 -8721
-6424 -6361
-488 -3316
6904 -6376
3205 -4072
-2990 -1406
-5602 6389
-1628 -8194
3884 4657
-9980 -2788
-8378 7547
-4932 -2466
4096 3831
3610 4361
-8959 -4669
1421 3346
1991 4222
3615 -2160
-1559 -5202
-7960 7580
9659 -7080
417 -7098
-3066 4069
2226 -2284
5790 3522
9164 7599
8157 -7681
2979 -9683
-2068 2477
-1945 -9858
3895 -4647
-3838 130
-3416 -8044
2884 -6584
-5105 -5814
-6220 -1741
4815 -4954
-5728 -4309
-6299 -4596
-5164 1712
578 8410
5592 7111
8387 -7963
-3554 32
9381 9095
-1282 -8396
-443 -283
-5485 -3480
2824 3745
-4278 -4936
8221 -6422
-1271 331
3605 -7702
-1624 4676
23 6990
7638 4286
-4770 253
212 -9882
-7443 5619
1763 8025
-4432 -801
-4142 1047
8474 -4349
3056 -7289
-7579 1220
3055 -3859
-8130 5158
7888 -3416
3829 -3052
-9067 -9258
-9685 -5203
-4008 -2528
-3680 -8363
-969 -2031
-8460 -8494
-5530 -358
-2724 8642
-9978 7598
-6769 5539
6067 978
7939 2526
-7778 7873
2359 2075
-8215 9156
7801 -6270
-3639 -7235
6910 854
5386 -1780
9852 -6644
7216 -3747
5966 -9317
-516 -4190
464 6340
-7158 -6451
4963 1050
-3955 -3240
530 -182
2940 8332
7980 9863
-1962 2667
-1426 2072
8846 -2258
3715 3130
4176 8148
-2111 -4189
-1100 -6294
784 4524
6632 -7038
-6399 -8020
-8826 -7451
-7778 -4260
1787 6588
6216 -6440
1343 -840
-7807 -4260
-8153 -9606
4615 3177
-4298 -7522
-3484 3501
-1002 -1007
-9044 744
-6853 -4455
6793 -8203
5379 -916
3046 6104
5753 -4042
-6616 2030
-8705 -3906
-5378 7724
-80 7573
3189 -123
6470 -1113
6464 -3583
8599 -9809
-6141 887
8319 -6110
4532 2822
1291 2925
-6642 4836
70 5567
-2386 1817
1479 1337
-5157 4575
-3457 -9409
6985 6837
4322 5660
3265 7703
-8239 -7647
-6775 -5072
4290 3156
-2184 -2791
3530 -2742
4314 -9690
-1456 9932
-3076 -6125
-1536 6082
4107 563
-2037 7281
-8267 -8863
-1635 6444
-1696 -521
1330 -8708
-6958 6794
2189 -8684
7647 -5488
-4995 5803
-2495 -3810
2998 -9883
-735 -6602
2889 1815
-6131 -3943
-7935 5789
-3064 1313
3041 3337
-354 -504
-8268 3986
4968 -1299
4334 -5005
-4378 1969
-783 -9576
-3 -9016
50 -8329
-8719 -4231
1051 -3097
-6864 1954
-7964 -2402
-2457 -9724
-4535 -6634
-3513 -4751
-7147 3921
6914 6431
3601 940
8429 -2729
-6437 -9975
3899 8088
-7293 -7523
-3160 -343
7348 2346
-2277 6587
907 4885
-8352 2984
-5666 -5333
-42 3399
7275 -128
-5146 116
-2199 7770
917 -3983
3832 -5664
-9996 -6574
-738 9063
9306 -9151
6217 1509
-8249 -8830
9735 -8410
-1008 9152
-5211 -6698
575 -5126
6407 1358
475 -5806
3282 1645
-8198 634
5283 5720
7170 -4881
3039 4789
-5437 -5875
6282 5614
8700 -8947
8596 -806
-6526 -903
7398 897
8185 -7749
9412 5804
4769 6176
1331 -4932
1013 -4054
-2292 -3040
7581 7225
-3632 -9485
-2102 9805
-7936 2764
-9212 -5264
-520 6949
1136 5862
8086 7044
-6350 3474
3416 -7218
-5846 -6321
-8020 -1288
-2815 8847
-9320 -9779
261 6999
7255 7045
-4402 7222
6181 -7012
-74 -4007
12 -1158
-3946 5025
-2281 -6207
-3498 -5824
-4776 5408
7093 -354
-5024 -9380
-1525 -308
-4703 -1349
-743 9637
65 -1080
1303 -3582
7059 -8087
7629 -2316
5018 4045
-637 -7905
-2362 -453
6908 -8913
74 -950
9843 -5320
-708 -9671
-7690 -683
-3599 -3239
6263 -5549
-5248 -9323
8043 1807
5348 9461
-9661 2939
-6 -9493
-6926 -6852
9083 8966
-4178 -102
6371 5538
-6825 -6397
4121 3428
-7805 8795
9623 -227
-5335 -7905
1928 -1615
-4856 5276
6273 4585
-6641 733
-6552 2582
2832 -4686
-7202 5400
-574 -5799
5584 9331
1129 1816
-9585 -6324
8802 -6014
-1409 9286
7083 -4318
6689 -9887
1819 -2555
8972 3527
-4315 -7232
4884 5161
5410 5254
3969 4324
7738 1041
-5183 692
8874 -7073
-4528 -215
-9211 -1944
6570 -946
3546 -8596
5701 6348
2638 9816
9358 9816
3983 4577
5338 8226
4981 -3758
5546 8592
-5485 -6888
-1378 7494
28 9399
2380 2834
-394 4659
5309 -7279
-3504 -2622
6069 7751
-2309 -3786
6851 -8059
428 806
1140 -9726
-1766 1476
-5834 -5317
5509 4998
-8848 4051
5199 -9189
759 -5415
1971 -2022
-8261 9348
-7933 -6761
6916 5398
-663 8567
7389 -8796
-6643 -7993
-4259 -7744
8415 -8914
5443 762
8615 7088
-96 -8813
3827 -4216
-4541 -9182
-2468 -3832
-7952 -6768
6511 -3491
-6717 -2691
-5727 1990
4079 3448
-3070 5312
5805 9764
2345 -5888
8615 -1684
-9255 5396
-586 -5682
-5983 -918
-5534 9232
-2225 6094
-8999 -1589
1209 -9653
9761 -897
-8116 6731
-8403 -7943
9990 7233
-6679 7631
-3450 -7466
1780 -9237
2912 2685
8992 3604
7592 8608
7543 4752
6504 7867
-9283 2500
-2770 8829
-7467 -6325
-4333 -500
7514 9689
-8883 -6271
7022 1861
-2569 4351
3850 8945
-360 1147
-9918 7643
-2636 -5189
6891 2751
8028 -9434
-9170 7618
7034 45
-1828 3998
-6695 3975
-7128 -6961
7372 -1492
4282 611
1458 2051
-529 -6833
-930 643
9588 7073
-528 6612
7651 5132
-7722 -932
-1011 7810
-7106 -9536
-3065 1042
177 -9107
2411 -9976
-6701 2407
1422 -71
2400 -7212
-3412 8773
8988 -9568
1815 -9021
6761 4878
-9608 -6568
9748 5838
9395 -7945
1385 1941
9269 -4139
5726 -6617
2185 -4500
-863 -6060
312 -404
-329 -6942
7956 1603
-2616 -9076
-9913 -2914
8679 4879
-6733 -1183
7254 -7413
2461 -6376
2409 3002
-5516 6138
-3669 -9178
2286 -8170
-4529 218
-1387 8136
4207 -3467
201 3902
-6996 -5765
1667 -544
7269 -4713
5064 -8837
-5949 -9467
5077 -2275
-2294 -5573
-4247 125
9876 -8612
-839 3739
-7672 5262
6808 -7432
-1793 -551
7572 -7924
2024 9128
-9034 4492
323 -7574
-936 -4440
8007 2836
-8069 7043
6608 1953
-837 -8463
-6177 -2549
2522 6904
-8885 828
-3613 -6027
7474 4117
-7448 54
-1052 -2415
208 9594
6066 4042
-6402 1064
9701 -4329
62 -9831
2014 -6468
-415 -3068
6952 -4106
8507 -318
3822 -8148
2683 -1841
9580 -7786
-3400 -5983
1199 7812
8136 4520
4931 -3214
-8328 2946
852 -5758
2903 -3912
7358 -6417
-3518 7200
-9670 -4535
9092 -8255
2572 1796
-5221 6004
1106 449
109 3598
-4045 2170
-2250 7381
9030 801
4423 3694
951 8999
99 4910
-6079 -1822
-9623 8139
-5562 303
5730 -9347
5923 5653
-834 -2155
7123 -939
9170 5189
-4420 -7550
8533 3641
-9655 -5160
-7364 -2926
-5206 1621
3583 2030
6755 -9906
-3695 436
4495 -6619
-2759 -3940
-4066 -1951
9808 -2241
8627 -7616
-7594 -9556
-9018 -3123
9541 -2595
-6668 83
-9282 -2244
-36 2237
-1597 3517
-8465 -5414
-4995 4677
8435 -3790
-7832 -9736
-8513 -6828
2214 9652
-3285 -7234
-3860 3617
-4301 -9013
6013 6973
-4866 -1337
2829 8620
-1424 -2405
303 2599
-9203 4354
-9966 2091
5804 -7938
-9490 5535
-2874 7962
7080 6996
3035 -9138
-6840 7692
-6121 342
3564 8203
-9875 7024
-3086 3170
1366 -3172
-1534 -5261
1948 -8434
-5519 -8657
8771 1629
-7931 -9842
2770 -9705
-5071 -5691
-1018 -9185
2787 2819
-2354 5966
7723 -8775
264 4629
-2582 5223
-108 2459
-3835 6592
-2082 579
4840 -5537
-8026 -3707
2876 9183
-5299 7109
3727 -5097
5834 -2921
350 -3062
7646 -2066
-2176 -891
5213 9559
-7391 -2457
8830 8747
500 -6701
-2346 9376
-1606 2317
-2907 3984
6099 -3089
370 3792
7778 387
653 8630
1981 3366
-9261 3656
-5277 3465
-5931 -8127
2787 2861
4697 -2783
-4500 -5218
-7007 5624
7933 7601
4975 5615
-2077 -3529
-4447 1797
6933 3717
760 -149
-7317 4071
-7514 9999
3109 -5780
-4536 3697
3327 1796
-6958 -4499
-3414 4423
4347 2765
-9373 7357
-9210 -234
-588 -196
-6485 296
3855 3593
-2497 8549
-153 3957
2229 3505
-6083 2026
-4481 -9910
3883 -1610
-5476 2188
-5697 1203
-6722 -114
-1839 8514
-403 -9366
-7283 -9473
-7868 -7517
6693 2405
2289 7500
-6492 -4000
-9401 8133
794 -7623
4289 1584
-9454 -6664
-9610 -4787
-6524 -4853
-6926 8544
4318 -1046
-7800 4989
-1053 8485
862 3756
-9832 706
-4444 7212
8282 -735
8430 -713
9941 2028
4275 -5011
-4367 5595
7126 -4064
-351 2583
-8175 4464
794 -8956
519 -290
-534 -7507
-2018 2684
9097 -2664
-4774 -8644
8427 -3349
-9247 -6228
8596 436
-8702 -1697
6468 8500
4827 -8610
4660 6276
-1757 4555
-2031 -6689
-797 -4769
-6801 3411
-9302 6987
-5319 -750
-2358 1199
2952 9205
8172 4648
-5941 2093
3560 9967
-2141 1096
-8146 1493
3590 9376
-2064 9199
9158 5628
6459 -8078
917 -9087
-5276 -21
-2002 8528
6959 -9630
-8335 547
-6322 -3301
-1201 8639
-7716 -2550
5617 -1540
6923 -1426
-3405 8117
-4122 2390
-7900 1495
1945 -3248
7711 -9299
6375 -9131
-5085 -9880
-8237 1638
-5109 5683
-4987 -5153
9351 -282
4403 -3120
1925 7841
2127 8432
6522 8396
1946 -1370
9736 4949
4553 -4918
6069 2812
3934 -5856
-4977 -1194
2132 2196
2912 -9228
6836 7747
-9799 -9561
-337 2147
-9036 9388
-8658 -8504
3748 -2628
375 -3545
1873 46
-1145 -7841
3845 764
-6837 -4759
4144 9380
-8038 -534
-4442 1429
-3323 3911
6576 -9709
212 -6476
7328 -3805
7586 -4458
8605 -234
-8036 -4044
7274 5602
-3952 -7531
2275 8391
-6132 -2934
8049 -2501
5485 9160
5553 -4886
4031 -3767
-3278 -2046
-5075 -4154
-8037 4164
-6178 669
3607 -5228
8314 -1438
-4200 -1294
-8026 -9456
792 -8618
-6011 1474
-9333 5110
7272 -8701
2764 5866
-6037 -8269
-2556 6416
-8322 -3121
9317 -6162
-9098 5904
-8538 -7142
6477 -9302
-8021 4131
-7953 6882
-2597 -3364
-9457 -506
-5405 955
-1331 3217
1773 1319
5718 -7100
-8433 2166
1957 -7456
-6287 -147
-7049 1836
6184 -8096
-7547 -9544
-7842 -4296
6282 -8279
-837 3056
-4176 -6436
-2561 5911
6500 -4219
-4054 -7217
335 -8858
-6373 -2087
3850 5065
4510 1350
-8449 5856
-358 9690
719 -4735
-5461 -3119
-9824 2761
4544 246
-5744 -1997
-2930 1486
-6240 -6828
9879 -7101
-7996 5537
254 -5348
-9409 -3390
-9548 -6332
7037 -3416
6844 -8520
-4186 -1184
-6040 8382
1050 5630
-7498 -4829
-9905 -4517
2141 1984
3331 -4770
9799 2810
-2653 -2432
8024 -2697
9644 -7953
8571 -1318
6482 -5345
4635 -5916
6501 -8850
5692 3965
-1201 8252
1757 374
5604 -511
9040 2075
8369 -8588
6835 8047
6267 -6176
9495 -3568
4800 142
1068 -4223
9484 -1472
-9006 -2850
-3532 -7529
9248 -4103
2259 1857
7268 -1351
4691 7219
-6516 -3109
940 2709
398 7235
-4903 674
-5388 1963
7554 7995
2881 -7434
7462 -9574
-9726 1470
-9606 8906
8642 -3943
-5838 2216
-7967 -8119
848 7200
-147 4759
-1672 3120
8834 1994
9959 1392
-6835 8395
746 -1693
-341 1350
-2613 9064
6280 7117
4220 -4364
2120 6508
1262 1063
-7269 6055
9458 -4236
7252 8442
8408 9009
7068 -9619
6634 3203
-9748 -8920
-9030 1863
7079 -3391
-7787 6096
7798 -4686
8835 -5197
4222 3239
5331 -3444
-5266 -4968
2410 -7038
9339 -6418
1049 7364
-2205 2088
8160 -6638
-242 -7998
-5633 -5438
7413 -3303
1177 9137
531 3661
3430 7448
-5259 -2712
8903 -497
-761 5640
-1695 5040
6703 -1565
2555 6953
2847 -8295
2043 -7948
1899 -2590
-6652 -2144
-7910 225
4192 -9881
-5449 6780
-8368 -5348
-7070 1418
-1191 -6643
-2783 -7937
-5182 -2813
-9554 -9692
-5537 -1707
4272 7198
8453 -7536
2184 7594
-2168 477
-3681 2740
9780 -4666
-9347 2842
5658 9232
5938 620
7508 7651
-9504 -9692
467 -7585
-5046 6007
-3146 2783
1543 6919
7565 -8229
-9185 -1262
8478 5270
-6020 8428
3490 0
-6897 6124
-4759 -1655
-9137 8979
-7087 2458
-5037 -6610
9431 6454
906 -5526
-3345 8710
2394 2057
7649 -7570
-557 6489
0 7036
-6570 -2562
-6916 699
-4342 4521
-1937 1635
6540 1462
-5927 7741
-2660 6727
1587 372
6695 6753
-5901 2400
-4131 391
9950 -901
9884 -7031
-9899 5190
151 5121
-4310 319
-1849 -539
-2712 7985
547 4267
-3190 -8686
-663 -2503
-4508 -9415
-5750 -3447
-2589 7490
720 -5709
-7675 781
-5030 4049
-7283 -5220
-1826 -2574
8047 3755
-6193 7877
-1429 -921
4367 -7404
-3534 -6915
-8765 7356
-2251 -8605
1291 6116
6729 6236
9913 -3178
-274 3361
6849 7864
465 9067
-4007 1377
-7788 9812
3964 -2333
-9157 5919
5227 -9119
-2573 3038
-3382 -8818
-5318 -5270
-8150 -2267
1040 4930
8104 -6557
5282 -8125
7827 -2418
1151 -3158
6079 -4221
-9047 4204
-5465 6616
6576 9218
-9137 2070
4389 1210
892 4909
-8142 -2449
-9351 5473
-778 7049
-4353 3879
1906 -2089
6952 3615
-1365 -1113
5451 -5909
3542 -9756
-2592 -1588
-1675 -8558
336 -3308
5089 6667
6797 2699
-44 -6004
-4472 -5199
3781 3806
9529 5195
-1485 -2096
-4358 -5345
-8163 -903
4840 3585
-5922 404
-8156 -6252
5033 -5301
399 9104
5448 8373
-2405 -4859
-1115 -3220
5212 3569
-4512 9254
-8628 3309
3749 57
-1096 -1388
2877 5115
581 -4325
6164 5076
7435 8796
2575 -688
-3788 8542
8640 -3181
9717 5516
648 8767
-2922 -3372
7957 5184
-1245 -2377
-5935 4651
3515 9907
5348 7354
-3617 -4523
2650 5749
2550 4264
-3302 -4620
-2353 -149
-9880 -3899
-7784 -4325
-3490 4782
-1301 -5966
1347 9585
9608 7382
8771 5090
740 -9015
-4843 2423
-9907 1188
-1223 204
394 9762
5975 -1089
-4565 759
-4422 -1824
-6478 8518
-5850 7093
-3824 4454
-5418 8260
1169 -8846
-4601 573
-2790 -5596
-167 -825
6505 233
8017 -8799
3964 -5873
2468 936
1606 3586
-327 9952
1489 129
8308 -6653
-6560 -7312
-4277 4591
-7219 50
-4012 -3343
294 -6696
-8214 -5338
7336 -2504
4329 9855
-4223 -9244
9452 4015
-4958 -9443
-9505 3549
-7222 3574
-1438 -5097
9701 -929
-9688 -2601
-3988 455
415 -6594
5251 8991
1996 -6857
-1835 -8146
-6407 -4170
8610 8285
-3507 7803
-483 -7509
-5923 3475
-3078 -2846
5984 -9940
-825 1064
6962 -8926
984 -7338
7324 -8468
199 6022
8479 9983
-5880 3313
2471 6065
5395 1297
-8968 -5692
1681 -59
-878 3598
-7560 4667
9376 679
-9195 2905
-6401 447
9180 5363
8894 9644
8252 -5926
6546 3716
-5374 -8424
4651 -6160
-2092 7163
6191 8836
688 -9064
-7150 2902
5579 -9230
-3076 9364
567 -2882
3495 5480
-9205 -4919
6874 3858
7303 6085
-6809 2624
-1667 7395
-7553 1094
8923 -31
1442 5841
7861 151
7896 -7799
-5340 -733
9144 -9769
-2277 523
2652 4329
-1120 -8438
4824 -3285
-3942 7284
-8243 -2018
1168 -1187
6505 3661
-5949 -8970
-7522 -8797
-6652 6431
-6526 -3432
8657 6060
-5675 -7096
5856 6268
1854 404
-4507 3160
-1891 -98
-4996 -4791
-4037 1284
6224 9032
6811 4137
4827 2350
6638 -5557
-8459 9150
-1627 2638
-1500 -6949
-6218 7414
7841 -76
8772 3465
-9719 -8392
3843 1279
-61 8487
-8550 1871
4243 7787
3351 -3985
-1848 1167
-1649 5048
-4295 3188
-7339 3486
540 2530
4585 -8613
1017 -3436
-2505 7272
-2959 8642
9866 5215
7566 5902
5972 -9634
-7523 5178
-3715 7532
-7306 -805
-7381 4166
132 2268
4753 6491
-7544 -1994
5728 -4016
-5614 2727
9946 3251
-5769 825
-1195 8698
-4067 -6752
3679 9174
-813 -3066
-4990 -3115
9259 2815
-8931 -8092
-6449 -1279
9979 6824
-3649 -731
-2095 -7590
225 3355
-6521 2414
-8873 8547
8380 -4329
1034 2365
4950 7230
3532 -7448
-3452 5148
-1448 -5483
3769 -875
-3141 9591
-4355 6277
8491 -5194
8624 6225
6659 3607
5836 1099
1283 6068
1155 -6968
-6601 191
-5361 -2721
7885 -6270
-7372 4833
-1781 -4613
-524 -6451
-5613 -7606
-1334 8108
9740 2329
5626 -8682
6865 716
3889 9499
7649 3722
4422 3747
7568 -2088
-8794 5960
9239 1952
-8481 7022
-185 -3234
8785 2271
-4704 -8010
-1280 5928
-2137 -9820
-6059 7970
3202 -5768
8578 6596
2545 -4717
-4067 -2485
-2307 3748
-1410 -4806
8586 2511
-3390 -832
-3035 -2920
5092 5879
-1661 7374
-1698 -337
-7517 -9183
-1789 -4613
-289 4331
3535 6843
7107 3875
2288 2367
4096 -2925
-7809 4512
7217 -1420
3921 -525
407 7132
-2961 8313
5405 463
-6007 -7788
-527 -3908
5237 -4220
-1361 3569
-2859 3029
-1884 2592
-577 -361
8440 9813
-7774 -4465
-1217 1351
-6632 5960
-6753 1216
2460 1917
-771 7841
2797 -7629
-7788 4634
6969 1208
-3841 2360
-4872 -4776
9422 1557
4594 1239
-2545 -5165
237 8630
5259 8169
-2866 3174
-8498 1855
9686 742
-1674 -9979
-5594 2969
-6503 -760
-5070 8770
1424 -5314
4560 9526
4558 5702
9776 3650
-4673 -8531
6282 6025
-1286 -8598
7064 -5875
5613 -7295
-608 -388
3405 -5619
1406 3696
3287 -9908
-7883 4263
8637 -3418
8984 -441
4192 7530
-7398 7410
-5967 -3237
3922 4335
3695 4585
-2472 5900
5544 -606
2495 -2375
-3406 9402
-2689 -9304
-1732 -6688
-953 -9097
2545 -7121
-525 8893
-9682 460
-1873 6694
8446 -9534
-3254 -505
-8455 8834
-8244 -4126
-8277 2896
-8000 6150
3879 -6401
-1532 -6812
