2040
8639 -5278
-9037 853
8604 -9500
-3516 -1272
6570 4114
-5329 4197
-7297 -6223
-7957 8729
-9446 -8867
4352 7019
6705 1533
-4171 3278
4822 1788
-3280 8137
-6662 -3668
5617 7127
-622 9869
-1603 6684
-3625 7365
2423 -2644
-7977 1926
6625 -3085
9631 4077
-5590 -9520
1329 7646
6497 -7364
7804 3132
-3416 6295
5094 4442
-3432 -1984
4796 1743
-3183 -4116
-1960 3567
3519 -4794
9855 -4511
5765 943
-8355 -1722
3718 8534
3192 9991
3737 7057
4037 1492
-9192 -3169
-5386 8808
5572 1734
-8704 8831
485 -8869
-1535 -4559
8069 -9828
9285 -6451
1614 -7286
7257 -4921
-9027 -9412
-7193 -6964
1905 7040
5770 7519
-614 -8281
1330 1460
-8951 9680
7632 5666
2908 6205
1541 606
-5844 9604
-1056 779
4006 -2603
-1898 -9958
-6144 8728
8993 5168
3498 -5313
-9524 7095
-7910 -4367
1035 1435
6539 -3519
4950 -4642
1069 9947
508 -1574
576 -2331
8104 5721
-9489 -9515
8187 797
-222 -7510
-7634 -2303
4450 -4895
133 -2199
-7759 -6862
-5441 -2428
5957 5674
392 -9614
-3914 -9669
7223 6186
-3715 9875
1760 1680
4147 -9018
8716 673
7525 6898
831 7208
-1771 -2883
-2293 7935
3875 -9409
4547 2678
-652 7785
-5268 -9296
1215 -5538
-6083 -7028
3175 7790
8245 4288
-951 -990
-9855 3450
6112 -2203
-4478 -7206
474 3555
2152 -3645
273 393
-2356 4268
1437 -1140
802 -3880
1581 165
-108 -4098
-5326 686
8051 -8358
6105 -2635
8628 1619
-2585 -507
-1947 -4046
4348 484
-9566 -3754
8428 -1128
8606 7421
7763 -4802
6568 9264
-2123 -2341
-2216 3492
-9810 -2559
-297 2182
-6333 5829
-4037 -4713
-1812 3075
-925 -7541
3592 -7276
-1682 6007
-3268 -3710
-2874 2203
-5959 -3012
-361 -6097
9905 8626
-893 9310
-9938 2212
4052 -6714
-7957 -3906
1869 -166
7053 -2224
6541 -4634
-4190 5616
-9150 -2155
-4639 -8531
-2524 2681
-7382 -9070
-2089 9389
-4129 5323
-264 4155
2720 8617
8383 7973
-2706 -7243
683 4945
3450 -5205
357 1646
5125 2131
4033 -6285
4668 9377
2855 -528
9362 8851
6280 4591
6848 -6811
5240 -6265
615 -8610
2757 9269
1460 562
3668 6994
-7990 2380
7846 813
4255 7813
-6998 8274
-1575 884
8472 -3255
651 3
-5852 -74
-917 -8921
-9854 9458
-4308 4164
-2276 -8581
-7909 2638
988 -1755
-5402 9247
-7543 -378
-668 1998
-262 -4331
-9141 5562
4448 3737
-2080 2371
-6418 7072
-1347 -8235
-5554 -65
9035 -2182
8109 -4734
-4207 1578
918 8019
7622 -4905
-4315 -170
4040 3519
-7001 -5471
7581 9827
7205 -777
-3536 7399
8881 5382
-2761 -5240
-8344 2990
4004 6621
-9789 9021
2125 -7506
4927 -3569
-1139 -4367
-9945 -8601
-1805 -9138
-47 5050
8391 -2054
-6178 7395
-2138 3437
-3772 637
-7298 8152
-3155 2980
1421 -5218
2904 6325
8657 1431
9278 1136
-7026 -6853
-5711 4674
-2371 3315
8242 7537
-2748 -2330
7077 5740
1055 -1057
3228 -2895
-1277 1494
-5688 5609
-9180 -825
8918 -2007
6750 2579
-5461 -4410
9821 -5931
-3944 -2850
-7386 -1869
-7783 3270
1965 6225
-6468 2981
5858 -9362
-359 1657
7959 -5918
7822 2366
-5913 -7565
-4115 -7458
-8404 9559
6483 -2580
-9978 -1399
5557 -9803
-9610 -5028
-2397 -2485
4225 9715
-9445 777
-3971 -4162
5064 -5853
-1532 -847
2840 -1916
-9929 -2201
2773 4665
1835 -6181
-3166 6160
1239 -2527
-8687 -9808
-5696 -5562
-1293 -4719
7695 8535
3996 2204
8703 9837
-3164 4340
-4504 5455
-2423 -987
-4087 337
5853 -5370
-5260 -8663
9320 -3425
8682 6155
-856 -5306
-6532 -8410
-7007 6530
6901 -9214
4254 2150
-5014 109
-1977 4298
6324 3308
8127 -5792
4974 -6215
8863 -5755
9703 6996
5281 -4239
2919 3488
2118 9433
-8567 1602
1467 3190
-4139 9999
-6295 8466
1675 5748
-1800 3476
-7721 5824
5872 9742
-5980 1129
-3416 2123
-8129 2956
2165 2975
1098 8469
-4818 719
-2978 -457
1583 -2256
8388 8080
6871 4857
9364 -9389
-4766 -9172
-9808 -1311
-6899 -912
-9018 7868
-156 9920
7901 4562
-9087 2982
6492 -5725
3760 -1130
5787 5669
2776 824
8538 -4544
-2621 3532
1310 8701
7575 -73
-9366 469
4090 1392
-2250 -3410
3796 -803
-8461 1288
-2298 -6200
1796 -381
-468 -7480
-8924 8333
-489 8723
8578 -252
-7645 -8764
-3062 7970
4537 867
-1090 78
2562 -6784
5938 -2403
-8420 -7466
5328 7860
-8989 -6904
-5973 -9309
4144 4966
-9064 -4788
6863 -3133
-4468 -2183
-4699 9831
4103 -1276
-8314 7453
7172 -5328
6835 -2855
8407 -6554
-6865 4318
-3810 -6665
1687 3620
7495 6276
-8500 -7619
-5916 5806
3076 -7853
6612 -4164
2801 499
-2204 6306
7684 -1275
-6233 -2792
6704 4088
7969 -3847
7016 -9091
-3843 2675
-3036 3293
8206 4828
-7967 9087
1358 3428
6660 -2022
9963 -7241
-9028 4377
6359 7948
8618 5289
-1052 -5059
-484 -6294
-4290 213
-8833 9841
6168 -6023
-3146 6182
-39 -5607
-9606 9485
3419 8498
-3661 -2491
-8429 9994
6841 1377
-7940 -9464
-1351 -2683
8863 -73
6438 221
-1736 -7871
573 -3532
-8225 -110
5121 9267
-1478 8564
-4827 -2123
419 -4310
-3375 9312
6157 5778
7054 5389
3132 2866
833 3347
-2399 4228
1006 -3027
6811 -227
-1593 9348
448 -4991
-3169 -2578
-3279 -1192
-9819 -3086
-9756 5873
9099 -9191
-2470 -7593
5650 -9309
334 -8326
7727 2683
-4856 4396
7531 -2918
6079 -8877
-6015 -195
-8397 787
-3692 -591
5139 -7553
6002 5057
-6856 7588
4880 -5585
9392 7387
-1887 -5539
7296 -9004
1971 9623
4053 -5605
786 -3254
563 -9982
-9844 -8736
-8220 -5025
-6217 -195
5986 9467
-7031 2465
3525 5243
-6219 6414
7774 -4252
2720 -5002
-9996 -6151
4321 3687
2731 3583
-8625 -9405
-6623 -4424
-5545 2836
-6308 -4021
-7817 -9574
2922 989
3436 5722
8203 247
9784 -2038
-9073 5482
-9754 -5789
6966 -4542
-8562 9531
-8148 -440
8215 2419
7122 6289
9314 6348
5869 -8762
5855 -9807
9719 2302
892 8649
-596 -3825
1116 7446
-545 2987
-8061 9408
6480 -5432
-4915 3173
-8260 8441
-7505 -3748
-8780 2043
2538 -7226
-1729 9137
1362 8353
7561 4069
-2825 -6728
6067 8492
-268 -3578
758 76
-6883 -143
-6656 -3338
9980 -5763
4622 9408
-4185 -268
3194 7203
-2872 1879
-8205 4063
1701 2271
5509 -2862
4513 2667
-6094 3784
8777 9617
8778 2412
5782 2892
3357 1088
-4761 9175
5175 -352
5207 -2567
42 -2111
-2772 4044
2704 9826
6779 6973
-6548 -3738
197 -5813
-5900 5745
-1592 -7092
861 -3095
-7291 -3805
-4248 1743
2795 5133
9067 -4755
6464 7397
303 -8180
-7916 -309
-5104 -9949
3025 -9304
1071 1998
-2831 1154
-5158 -6612
5088 803
6767 7049
-8651 9921
9964 7122
5321 5433
2585 -4397
-509 8572
-4932 -4512
533 -7461
-9091 -7056
-9540 7193
5017 4159
-8058 1718
-3332 -4694
9888 4957
9035 -406
9908 9641
-9642 -9097
-3425 -2319
1619 -1264
8583 -1271
5434 3175
-6372 -8991
-4900 -6981
2873 8807
9109 9848
-648 7601
5292 3390
1153 7535
9790 -1179
-3793 2720
1285 -8574
8742 -7910
8428 -3690
-7696 827
-9152 -5352
-2643 2647
-2459 -5255
6137 -7988
-90 8791
9663 -2468
9243 9849
506 -6907
455 -3432
-3940 -6593
-3486 -5648
-3196 1657
-6309 3047
-4836 -4788
-883 -2449
-8495 -9825
7602 5507
9556 9489
1219 -7322
-1063 -5575
8201 9925
-9224 4044
9517 2958
644 -1607
-8353 1072
471 4888
7867 7229
-4720 1978
9557 -2495
7911 2184
-4248 -2066
-2908 -9874
-5299 -4612
-555 -5373
7316 532
-9370 -8759
-1889 9714
2659 -8041
-3961 -5006
-9225 4497
5033 1019
1418 -9094
3650 -7511
5874 3907
1408 6630
-5167 6726
3320 7708
1790 -8776
-6763 6054
-435 2908
8775 3542
-4118 -9200
61 2751
-8941 -7298
-8099 8639
-2253 -2827
-358 -3558
7150 -505
7046 5557
-2752 -3419
8201 -1986
3571 2155
-7559 -6355
-9920 -8831
3711 -4839
-6599 4559
302 2792
7135 -7233
-4215 -8602
-7554 2850
-3290 5047
-5789 2861
2528 5344
6332 8073
-4601 9015
-8123 -5154
-7854 -7045
8027 -2917
1692 1244
3335 -6344
8413 1802
-6834 4647
-196 821
9818 8251
-6374 -5667
-1698 -4198
-1937 4969
-9689 5793
-4853 4556
8319 -4971
1055 162
-656 -9639
-7348 7805
-5656 -3054
278 5309
6831 -7071
3908 5144
-901 -6510
-9134 7418
-6261 -9118
401 3777
-5991 345
9525 -3256
4345 9888
-9442 -1590
-9816 1642
2613 -174
-3374 3863
9878 3399
5783 3797
3602 -8980
-7332 -3548
1061 -5422
-9653 8250
1213 7260
3182 -4478
7479 5385
-1175 -9755
1459 4810
-8522 -1771
9167 9300
3631 9586
-9417 -8917
-2829 2146
-6311 1843
1645 -7819
-7668 3626
-76 -6774
8784 5526
-9255 -1045
8895 2358
4191 -2421
4901 -380
-4387 5669
5556 2001
3272 4580
102 4079
6911 -3951
2302 -5957
-1969 9084
7351 127
-5378 -873
5605 -1863
-9405 -1671
-423 4511
6438 6801
9817 1378
5921 6044
-970 -7115
9579 -7506
-6016 2342
2383 32
-8570 -5190
3176 -7802
7205 3557
-890 -2880
5285 -2595
-784 1896
8929 3713
-4052 -2514
6815 2716
8648 -3319
9775 7649
8075 3600
9620 2496
2575 8883
6605 2667
5514 9303
-7478 6043
9831 9516
3235 2626
-629 8916
-8770 871
2197 9883
-2093 7720
9754 -7480
132 -7860
-5433 -6143
-8669 -7693
2273 -2049
-901 -8025
2995 2992
5795 -6287
-519 -5158
1611 -7878
-1298 -2912
-2070 1782
2028 8904
-8131 4567
-4126 -5885
2077 -9402
-499 3659
5763 -9597
9820 398
2803 -4629
-2026 -8624
-9612 3393
8914 6502
-9674 -6679
2685 5196
-4627 9907
9417 -664
-5487 4265
5974 5519
8102 -5985
3845 -7200
1178 -726
-6194 8532
-217 -7752
4904 6943
-3237 5530
8404 8618
438 514
9235 4616
-828 -1389
-6294 8973
-3872 -2914
-4573 5630
-6943 2338
1433 -4072
9153 -9353
980 5820
-6995 3881
-6681 2375
6972 5442
6648 7194
9611 8002
1201 -1091
2077 -8461
6106 641
-263 -2514
-8144 222
-3504 -5412
-1711 -6730
-1588 247
8746 -8821
-9658 -3360
-2556 -6842
-6302 -4913
8050 7519
2253 5376
-3512 9443
6465 5430
-9523 -6202
3169 3233
-5184 -9486
8393 2364
-4557 3451
2735 -8654
-1896 5320
-9615 -531
-519 2730
3547 8303
5276 4920
6065 9761
8357 -8627
-8570 2002
3331 -8605
-5074 6129
-1120 9325
-7367 -2406
-2023 2501
-3217 -3735
-8130 4948
1818 6911
5210 -4151
-7914 8814
-7417 -7969
8139 7608
-97 -8943
6415 8328
9428 9822
-3475 -9142
-3279 6344
-5930 5969
-9509 -5484
-7600 -5436
-2126 -6491
-4912 882
-8137 1003
-5813 -5539
9756 -5166
2373 -5391
3042 -5032
2438 2996
-8251 -5494
1517 -2509
1159 -2427
-6915 -8286
2388 -9667
-8663 7660
-5567 1090
8178 712
-1151 3773
2381 9709
4415 9546
2100 4688
-1837 4377
2227 6813
1641 4789
-9196 3818
1959 -5229
6155 479
-2363 -767
-3865 -7257
-1466 -7885
5599 -2558
1748 -5956
-2284 -3722
-582 -1836
-5853 354
-8103 -4371
-9023 2544
-2845 -8546
-2255 5520
-8989 8759
-4683 8944
-6027 3378
-2180 -2923
-1242 -4540
4633 -7919
-3795 9281
9419 9845
6267 -4403
-482 -3254
-8714 6501
3021 -9268
-8761 2899
7720 -15
-4572 1396
-29 1654
1074 6689
1159 8192
-2803 8895
6004 8936
8718 -1232
9489 -9276
-5570 7000
4610 7445
-656 -740
-5209 8275
-8972 8582
-222 -5518
-5387 -1275
-3444 -5386
2557 2671
-5512 7720
6730 8322
-6653 -4343
3082 -424
-4169 -2967
-5610 -7118
6775 -1172
-3878 -5312
712 5363
-1526 3663
9190 -5362
-2923 5214
9774 7361
6219 3949
4789 -5249
-4913 3273
9256 -2383
-7458 -385
-9815 7954
-5291 576
6913 -6597
-2907 -4671
6258 -3608
9678 -3660
1837 503
-7341 -8004
6444 1016
3097 -2978
8951 -7701
9593 -8047
-2744 -4771
-450 -6387
1295 -2176
3460 8183
-202 7467
1417 6703
-9220 8203
8739 -144
-1099 950
-2847 -9532
-8709 -4021
-214 -1022
9569 -1163
2765 9738
4626 -5527
2718 5273
4763 1111
4371 8807
6659 1117
1080 -4030
8409 3401
2156 811
-8562 2572
-7114 -5220
6528 -3254
8511 -6988
39 2033
1100 -5127
7315 -8465
4912 9179
-2989 -4174
6804 -9960
5821 -6336
4107 7291
-7502 6905
-7290 482
1916 -7157
4815 9983
-6560 887
-190 -2830
-5394 4379
4470 -8219
-6554 5171
-8018 -8554
7706 1295
-2027 2048
-5927 2919
-2816 -4582
159 -5761
2006 7326
-4828 -2071
2703 -3863
-4837 -5255
-2508 7932
-4548 -9436
-4667 -1203
3894 92
2944 7128
-8796 -6835
4798 9151
-4885 6434
-5893 -6581
-2345 1325
3985 8521
6456 -5213
-1379 -8593
1505 -2632
3746 6856
1754 2702
4303 9605
-2367 -1426
-628 450
3469 9059
-4061 5764
-1613 -1948
1467 -3193
-1062 -4957
-4281 -9372
2321 -1367
4581 -5649
-7732 -5335
6927 -5397
4016 1584
4365 497
-6739 7989
7102 5836
6023 -3175
8898 -7808
-2986 9835
-9846 -4647
-285 -336
-1744 -6165
5239 5617
-4856 5518
6401 4056
6691 -4767
1298 6173
-2841 -3773
-6450 8370
-904 6572
9420 -9140
-3304 -4165
-9615 7082
-3491 -8105
-3138 -2655
8971 -2380
-9759 -107
8974 1370
8631 -8552
8225 -947
8161 577
3655 -1406
-909 7477
-9076 1270
5057 6641
6049 -6714
-200 -5986
-2687 -1093
-6307 -8413
-7894 695
9680 1876
-203 9541
1296 9006
1053 1806
5804 -7540
-1966 4402
-9976 -2943
5840 3519
-4316 -2102
2800 9808
3270 5664
4956 9825
-1115 1868
969 -1163
3756 -7080
8363 -3223
7986 7227
-2773 5553
608 -5730
82 -5890
4541 -3221
5597 2261
-7537 6766
9195 1850
8366 -6413
8535 6985
-3935 7473
1276 3499
-9445 -9355
-9415 -4293
-9315 -9356
2528 5517
4231 -4734
7480 5265
-31 8177
4194 -2227
4124 -8920
425 -1662
3015 -7345
8532 -1054
-3074 -980
-5747 1394
-5585 3064
4622 1063
-9313 -5482
-5842 -8654
-1671 1290
-7757 8171
-7627 -6648
-5292 -4985
1062 -1913
-5486 -6876
-7410 -9390
1583 -4758
-9658 -5272
6916 -8058
310 1612
-1231 -4696
7294 -9039
5245 -2836
-1175 6670
-6906 -9048
6207 -7363
5715 5201
-8588 -7864
-5657 -6238
-643 -1371
1724 -503
6545 -9039
-9887 -976
1424 -6800
2582 7687
-1503 -7997
7836 8186
6028 7760
9623 -8113
-5204 -4623
2888 -4628
1968 -721
9814 5176
7533 -8143
-7316 -5046
4894 -1982
-8048 -7448
-2334 5485
6189 -1488
-3377 6299
2079 -4222
-8558 6176
8087 -8870
2630 -9341
-8541 2567
4305 6314
-4435 8316
2795 8538
4711 8899
4285 5364
9593 5939
-4703 -2656
-163 -9932
145 -6050
-8406 2628
-9462 815
2958 9881
3494 -65
-1137 1463
-3593 -5236
-9724 -3982
-1888 9456
-2055 8350
2306 3498
-735 -7722
5563 -3885
-5012 -2750
8767 -8103
5189 -9978
-4193 -3751
7705 9685
1790 -7744
-5856 -4424
-559 588
-9266 7544
-9843 -8848
4478 8580
-8543 -1834
-8753 9378
-3119 -9021
-5449 4261
-5189 -7087
-3836 -1888
-713 1030
4506 -1283
-6979 1104
5591 -3800
-4814 9571
5016 1132
1199 -414
6495 5556
445 9358
5956 -8337
-200 -8020
1347 -3725
-4049 -8958
-9580 -9733
-2253 -1769
-367 -7036
5724 -876
8122 -1594
490 -7711
-7219 -7276
5187 6873
9359 -9258
342 5583
6907 1059
-2768 9895
3176 -4634
-8183 -9533
-2869 9154
8 -7074
3719 -3183
5945 3247
-4037 7965
3232 -6242
-3009 3084
967 3433
-6899 1535
279 -9973
9013 -4323
-8579 -2181
-5610 -1201
-9321 -7102
2923 -4438
1315 -8611
8884 5910
-2979 2221
-2775 -1956
2608 -1057
2678 615
-476 -1673
4523 -6228
4387 4489
9385 -6439
9661 6810
-3102 4367
8641 4664
-7513 -6382
8547 6569
3019 -4061
7271 9700
-403 -6115
-2851 -8323
6590 8799
-3638 7006
9163 712
2459 -7640
-2783 842
8615 3124
-1721 9636
-7553 5579
2919 -2049
3438 -2675
9317 8895
-8969 -8106
-8380 7905
-7786 9617
4161 -8664
-4952 2979
-2266 3865
-1850 5035
3113 3923
-8541 5751
-9492 -7847
-1856 1292
3956 7688
-3519 -580
-758 -6285
-4587 3242
1198 -8823
7119 7721
7428 704
-2760 -167
4119 -557
5872 -4447
826 -1022
5763 260
9689 -3741
-6405 6767
6994 5590
4420 -4879
4133 8213
1039 9214
8546 3450
5655 2650
-5661 9679
4283 8096
8042 -5313
3194 3780
7462 -5361
-748 4795
9487 -5380
-8963 -7610
5074 -8697
9725 3128
-978 3067
-9074 -2594
-8790 7005
-295 8473
7304 -4285
-249 5456
5872 -5814
1118 6024
-2968 7394
325 -9768
204 -1247
-947 -3541
1131 -6778
677 7863
-108 -1046
1103 2480
-824 -8806
6181 -2067
-3087 -8074
8876 -3691
-2709 5435
-5823 4567
-7537 5748
6305 -6501
7111 2393
-3267 1121
9798 -1488
-4514 -724
4733 -9624
8768 6716
6863 8849
-1389 -1673
3593 8792
-4800 319
853 7224
-1344 8626
719 6515
-921 -7782
-6923 2788
-8311 -7193
2454 -3700
-3792 3281
1035 8213
2749 -6812
-1598 -8107
-2392 9112
9507 -6925
-7145 -7421
-7115 1392
-4182 -6314
-2420 5630
-2179 8349
6395 -9020
-9889 6502
-9134 2121
8760 8208
4117 5094
-3081 8762
-2807 -7116
-9734 333
-688 -8073
1005 -388
-3094 -9909
-7794 6140
6124 3641
-710 -580
-2820 -7463
5574 6550
3009 7180
-7910 3718
7647 4202
8601 1095
-9216 -4695
-6042 -4699
672 -1430
7426 -7002
9593 -1806
-8278 -7408
-7627 3961
6339 4822
-410 5127
-2991 2083
946 -5465
6254 -8585
7861 -5548
8796 -9778
1242 9124
-9722 1220
-3845 503
-1064 4507
-6283 9757
-6973 -219
3534 7384
6052 5906
4148 -5622
-9322 702
2545 9051
225 -9774
4441 -5781
-5844 -7722
-6799 1429
-7653 -4980
-6863 -9572
-7450 -521
-8312 -8887
-4807 -5375
4962 -1203
-5990 7223
-5042 1377
3957 5117
-6317 1555
-4708 8682
6240 9481
-7618 -6236
345 -9804
-766 -4026
-50 -7068
5955 6494
5638 -4694
-7480 8337
-9909 -5236
6701 3770
4850 2844
-3196 -5427
9368 7543
-6650 1563
-5646 7362
9222 2566
-9800 -3111
-1752 -2721
6921 -5207
860 8342
1402 -545
4298 5250
-7411 -498
2702 5053
-5449 6934
-8105 9019
2915 -6770
9901 -7753
1593 6481
4547 6769
5063 -8411
7394 -8166
6286 2430
-3036 3554
-8259 8
-8920 7237
-2376 -6339
-56 8307
-8185 -3131
2495 -3449
-9182 1468
2463 -3509
1262 6284
9895 -6331
-1087 -7676
-8733 -7152
-7065 8064
3318 8870
993 740
-5322 7066
639 5510
2042 9841
3737 -6259
-1568 4741
-5717 9121
-7613 -7958
-2583 -7986
1671 -5687
3796 -1955
7612 3668
-5952 -5078
3726 2975
-5804 -771
7332 -6935
-5389 8470
-7486 8286
4998 -46
-8258 -4299
9817 -8911
7042 8974
-404 -7681
-4127 5223
3354 -2449
-1641 2573
-343 -6241
-5493 -3063
9695 8411
27 -1955
-8506 -5441
-8275 6201
-6376 -9653
7671 6710
3756 6792
-2737 4795
-9675 -8074
6281 -5071
-6391 5052
-207 -7079
4272 -9730
-1118 -3343
-6365 4933
-1435 3943
-8042 2087
2114 -8820
1573 -3679
-1074 -7707
8258 -2742
-3305 -7809
-9745 4875
1442 -447
-1464 -193
-128 1438
8869 2658
-9247 -1609
1823 -27
1811 -1606
-9681 -9109
9465 -9623
4472 9765
3260 4787
-1000 -8539
3639 6449
9047 -1937
5419 -1009
7616 537
-6161 -3315
7788 -521
-514 -2749
-556 -2967
-1113 -6801
7611 3324
-8823 4870
1118 -4094
8339 -9783
3359 9331
3461 1996
-2845 5297
-7773 -7778
7983 -4544
-3739 -4353
-6511 4576
-9355 -6180
-9464 -4170
-587 8832
-8222 8303
-7527 2097
-4934 5516
8648 -6339
9198 -2040
1165 -8704
-2813 -1421
-8446 -4392
977 899
4827 -4023
-5144 -1136
8979 5976
-7241 -7020
-8598 3220
-5653 -3776
-9696 2495
-4731 6261
4000 -9014
2941 -7200
-9103 -8248
-539 -3655
6782 -8714
8334 -5343
-1945 1417
6012 -4124
1831 -9660
3846 -3035
1840 -6634
-8123 -3855
2753 8465
2160 -6146
-9166 1801
7783 -570
-5884 9078
-4052 -2764
3670 2566
2673 8407
1731 3041
-1951 3988
3645 -4992
-9693 9999
-2328 -6450
-1110 -9199
2440 4238
4586 8678
496 -4263
-6921 4730
-1711 8715
-7249 6305
1540 9957
6257 -5685
-9114 -5351
2519 3599
-1253 2057
3393 -9619
4877 -5041
-7232 5199
-9839 37
7152 -8874
-3830 -8705
-8343 3244
-3115 726
7767 -8415
-9686 -76
-120 4008
8950 -5170
889 -7196
-400 8834
-1277 1209
-8354 3964
7867 816
-1853 -9256
-899 -1592
3686 7513
5187 2798
9307 4824
-5949 8359
3030 2843
-7575 4218
-3410 -6022
-2723 6049
-9109 6632
-3214 -4343
-3325 4220
-8187 -5103
-7775 5830
304 -1578
-2566 8586
-5442 4140
4241 -2939
8992 -7131
-2248 5345
-3491 7128
8025 5576
-9284 -2127
-3028 114
-5383 -5741
-5224 4872
-4975 858
7975 -6818
-119 -1800
-3633 510
3248 5371
1960 9301
837 -3909
-1133 -5347
2948 -6199
-4546 2146
-5798 4742
1128 -8401
-1850 5303
-3061 6320
-2331 1466
4272 7772
-6226 1755
7726 -5719
2703 -2931
-2959 9204
4923 1797
-7374 -8025
1900 9589
-9099 -7257
7013 -385
7616 4834
-4433 7397
3365 7364
2090 5548
8688 7850
-9508 -3290
4571 -3343
4528 8834
7152 7635
2211 2519
-8948 -508
2523 194
-3470 900
2949 4286
3715 -4075
-8272 86
5741 1436
7513 2688
6477 7456
980 8438
-1406 1202
-6895 -9103
-694 -9610
343 -2065
-45 9745
-9779 1131
-7656 873
-1067 -5064
5468 7965
-6003 -537
1571 -8348
4002 -2820
8768 5217
-8096 -476
7864 3990
8921 -1960
-5869 -3074
453 -4634
4751 -2045
9611 8027
9861 8358
-1509 -6424
8639 4958
-667 -5471
450 8581
-184 2842
-9817 -342
9704 -9254
-1843 -6195
-3021 7936
6859 -4472
-9862 -6405
3746 -8057
26 -3921
9082 7346
60 8429
4276 -5051
7163 -7333
7295 3425
-7529 1171
3501 892
-7712 3917
-2061 6852
7544 4683
8610 -3753
-6671 -7615
-6526 -2974
-9534 2212
-9177 -1327
-4934 4976
5656 -4574
9435 -5963
5496 -2902
8305 -2176
1523 9807
-5732 -3911
7206 9370
462 1208
5788 -349
5344 -3716
8276 -209
700 1686
1570 -7479
-6534 7594
7613 -2081
7439 6113
834 -2737
5469 6283
-3037 6403
-2817 -7801
-3926 5999
-989 3213
-8700 -2375
-7705 4600
2379 8565
-8523 2700
-4811 -142
-6879 3316
-4297 2928
9870 -2012
-2031 -3927
-7293 5059
-5871 -7135
9117 -4888
4309 5750
4281 -6797
7076 2086
3886 -4420
4861 7128
-9878 -2565
438 -2253
8058 -2598
-8136 -3542
-9003 -1764
-579 9843
950 676
-5248 307
1774 87
-7187 8758
4058 9413
894 6727
3618 2552
4571 -4797
2629 -8047
-6647 -9897
-9198 8853
6763 9715
2120 3327
5970 -6144
8718 5882
-9889 -6617
-221 -2541
1441 -5570
2200 -8957
-9309 1762
-891 -7664
5106 6957
-2348 -2868
9220 -3623
8017 -5122
-8693 -860
410 1332
-6824 1484
-6171 -2594
-6930 996
5124 1424
-343 -3063
8938 3365
-5616 4356
-928 6519
-6003 -84
9218 -5371
5104 7597
615 7683
125 8047
-1845 -9282
-7000 -5423
6691 1185
1613 -105
-6629 2398
-8971 8102
-3993 2547
-8260 -9070
972 6511
-6522 -445
6232 -8770
5034 4556
728 3558
4892 3734
9330 -604
-342 -7226
-4985 -5577
-1464 2968
778 8773
4375 -6685
-9544 3453
1251 7820
516 -7804
-1945 -5248
2990 5103
6062 9333
-5964 5675
-3060 5919
-7803 1261
4500 987
9875 5081
-9838 -7488
-8016 9815
-5362 -2453
-4053 -6533
7782 -4557
-9369 5167
-6669 2729
7151 564
-1774 986
-8784 4512
-7917 -3084
-7194 -1118
-9752 3524
-1791 8611
-8657 2945
-3538 5268
2771 -6590
3587 9162
2772 8514
-4198 3090
-2885 8758
-4406 7183
2104 3559
4306 -8684
-5551 3490
4706 -2661
-8312 9109
-7799 -782
4430 7099
-670 3272
-1431 -5014
-246 4949
7400 6604
8557 9430
-2863 9160
2151 -3290
-9943 -1674
-6883 -6192
-7549 -8656
6716 6632
-6131 7406
-766 -1415
7981 -467
8020 838
-1700 2964
353 -1476
6125 7637
94 -474
-9793 5849
3983 4454
3262 3127
-1763 8679
2562 2929
-7420 -1601
9677 -9281
-6434 9196
-7294 2187
92 -2483
-9536 -8413
-889 2107
6188 -3348
8646 9733
463 -6843
779 -9196
-1755 2727
-4602 8404
-795 3250
5308 -9403
551 -7776
7288 7374
654 -1415
-7600 -7476
2472 4652
2244 8453
-5640 -721
-2400 1686
346 6321
8834 -1451
-6467 -2800
5267 -2231
6415 7447
3038 -8726
-3555 6063
-9066 -216
4635 -1681
-6517 8647
3873 3250
-4883 -8012
-1004 -5428
3170 -3096
7412 6030
481 6851
-2979 8204
-4600 7274
-3830 6487
5418 9066
-7752 3932
-7028 1230
-7851 -7519
1396 -542
-9301 3936
6251 4816
9972 5147
-4488 7583
7350 -2371
-8315 -826
-5922 -7550
-7077 4308
-35 -289
9297 -2319
-7365 -2070
-5558 8803
2321 2098
9142 4894
-4783 9295
6779 9133
-8975 2608
3955 -7622
322 -1819
5594 6827
6253 2519
8018 -3366
9230 456
208 8095
-9826 2338
3110 -3761
9492 -1256
-6835 8930
6232 -2667
7882 -9676
-2530 -9306
-9778 -9175
9956 -7782
-2642 7622
-727 6693
1274 5367
-9630 -2945
-7440 -2058
-6949 -321
369 9218
-3068 3256
5357 -1800
-3308 -6834
-2266 5921
-5130 -5039
-5607 1277
9606 -1360
4482 1204
6122 -3603
778 9442
2919 1290
273 6990
-647 -1370
-7274 -8328
-2898 -6190
2497 1818
-2624 -3814
-133 -8333
-6080 8990
-3895 -9958
-5826 -3077
-5276 1686
9367 3374
9514 1214
7453 -9457
2466 -379
-1262 2193
