47
7735 6736
1633 -97
2612 5220
2960 -4707
-5104 7105
-4645 -6292
-590 8361
-203 9583
4811 6756
-3050 8708
-3469 -7660
-9080 2705
5206 -6058
-8568 -7815
-8388 -1585
-1440 9425
2536 -984
-646 4793
2512 -6639
-7101 -2167
-3343 -5520
-8942 6720
-9719 6155
2518 9369
-8518 7657
-6750 -7253
-145 -5992
4090 -2337
3718 315
-3636 9275
9340 7596
-595 9743
-9254 4199
5301 3185
6361 -312
6313 9595
7343 -1364
-7798 621
-4503 -3191
-4856 -4603
5920 -6918
-1638 5764
4410 6062
4598 6771
6687 -8219
-9699 7068
-3321 5983
