93
8037 1612
-8416 9590
-3303 4904
9434 8247
-7095 529
8512 7760
-6321 1480
-5094 -8679
8527 -5557
-142 -3319
-596 4050
7631 -5956
-5823 -4718
-2410 -5596
-9559 -5722
497 -8998
7661 -5731
-6675 -3540
5692 -7051
-1993 -9275
-3209 -6503
-2575 -5633
-4500 -7936
898 611
-6645 1365
8028 -9784
6053 730
-3868 -8784
-6376 6270
-8020 -6676
3779 -5532
6939 98
2407 -2650
-6984 -544
9064 -1405
-1023 5138
8189 6530
8858 271
-2143 245
930 -9680
4373 2495
-7893 1275
8632 -373
-9742 -2702
5440 3200
-9346 -4327
-3434 7541
5409 -3245
-8954 1540
2628 -3363
-4187 -6088
5593 8062
-2661 -2032
-8863 -1317
-1126 2189
700 -5617
5852 -6648
-9500 7113
3492 882
-8141 -7720
-9559 8602
5752 7826
2981 -5092
9110 -4456
-2794 -3330
-6932 2958
8966 5656
4646 -9468
2363 -8582
1024 -6739
1656 -615
-4829 -5794
-9885 1403
-4159 -4619
-9988 9595
-1332 -9016
7626 -3316
-9597 277
6542 -905
-3 -6467
-4127 6979
6061 3273
-2112 9539
-816 4347
4085 -188
416 6792
-6127 4506
1127 5414
-8360 -9285
-9814 5960
2448 -5759
-8273 -7340
-6495 -4291
